data/debcat_cross_with_gaia.ecsv
# %ECSV 1.0
# ---
# datatype:
# - {name: separation_arcsec, datatype: float64}
# - name: SOURCE_ID
#   datatype: int64
#   description: Unique source identifier (unique within a particular Data Release)
#   meta: !!omap
#   - {ucd: meta.id}
# - name: random_index
#   datatype: int64
#   description: Random index for use when selecting subsets
#   meta: !!omap
#   - {ucd: meta.code}
# - name: ra
#   unit: deg
#   datatype: float64
#   description: Right ascension
#   meta: !!omap
#   - {ucd: pos.eq.ra;meta.main}
#   - {utype: Char.SpatialAxis.Coverage.Location.Coord.Position2D.Value2.C1}
# - name: dec
#   unit: deg
#   datatype: float64
#   description: Declination
#   meta: !!omap
#   - {ucd: pos.eq.dec;meta.main}
#   - {utype: Char.SpatialAxis.Coverage.Location.Coord.Position2D.Value2.C2}
# - name: parallax
#   unit: mas
#   datatype: float64
#   description: Parallax
#   meta: !!omap
#   - {ucd: pos.parallax.trig}
# - name: parallax_error
#   unit: mas
#   datatype: float32
#   description: Standard error of parallax
#   meta: !!omap
#   - {ucd: stat.error;pos.parallax.trig}
# - name: parallax_over_error
#   datatype: float32
#   description: Parallax divided by its standard error
#   meta: !!omap
#   - {ucd: stat.snr;pos.parallax.trig}
# - name: pmra
#   unit: mas / yr
#   datatype: float64
#   description: Proper motion in right ascension direction
#   meta: !!omap
#   - {ucd: pos.pm;pos.eq.ra}
# - name: pmra_error
#   unit: mas / yr
#   datatype: float32
#   description: Standard error of proper motion in right ascension direction
#   meta: !!omap
#   - {ucd: stat.error;pos.pm;pos.eq.ra}
# - name: pmdec
#   unit: mas / yr
#   datatype: float64
#   description: Proper motion in declination direction
#   meta: !!omap
#   - {ucd: pos.pm;pos.eq.dec}
# - name: pmdec_error
#   unit: mas / yr
#   datatype: float32
#   description: Standard error of proper motion in declination direction
#   meta: !!omap
#   - {ucd: stat.error;pos.pm;pos.eq.dec}
# - name: astrometric_params_solved
#   datatype: int16
#   description: Which parameters have been solved for?
#   meta: !!omap
#   - {ucd: meta.number}
# - name: pseudocolour
#   unit: 1 / um
#   datatype: float32
#   description: Astrometrically estimated pseudocolour of the source
#   meta: !!omap
#   - {ucd: em.wavenumber}
# - name: pseudocolour_error
#   unit: 1 / um
#   datatype: float32
#   description: Standard error of the pseudocolour of the source
#   meta: !!omap
#   - {ucd: stat.error;em.wavenumber}
# - name: ipd_frac_multi_peak
#   datatype: int16
#   description: Percent of successful-IPD windows with more than one peak
#   meta: !!omap
#   - {ucd: stat.value}
# - name: ipd_frac_odd_win
#   datatype: int16
#   description: Percent of transits with truncated windows or multiple gate
#   meta: !!omap
#   - {ucd: stat.value}
# - name: ruwe
#   datatype: float32
#   description: Renormalised unit weight error
#   meta: !!omap
#   - {ucd: stat.error}
# - name: phot_g_mean_flux_over_error
#   datatype: float32
#   description: G-band mean flux divided by its error
#   meta: !!omap
#   - {ucd: stat.snr;phot.flux;em.opt}
# - name: phot_g_mean_mag
#   unit: mag
#   datatype: float32
#   description: G-band mean magnitude
#   meta: !!omap
#   - {ucd: phot.mag;em.opt}
# - name: phot_bp_mean_flux_over_error
#   datatype: float32
[...]
# - name: logL1e
#   datatype: float64
#   meta: !!omap
#   - {ucd: None}
#   - {utype: None}
# - name: logL2
#   datatype: float64
#   meta: !!omap
#   - {ucd: None}
#   - {utype: None}
# - name: logL2e
#   datatype: float64
#   meta: !!omap
#   - {ucd: None}
#   - {utype: None}
# - name: MoH
#   datatype: float64
#   meta: !!omap
#   - {ucd: None}
#   - {utype: None}
# - name: MoHe
#   datatype: float64
#   meta: !!omap
#   - {ucd: None}
#   - {utype: None}
# - name: ra_2
#   datatype: float64
#   meta: !!omap
#   - {ucd: None}
#   - {utype: None}
# - name: dec_2
#   datatype: float64
#   meta: !!omap
#   - {ucd: None}
#   - {utype: None}
# schema: astropy-2.0
separation_arcsec SOURCE_ID random_index ra dec parallax parallax_error parallax_over_error pmra pmra_error pmdec pmdec_error astrometric_params_solved pseudocolour pseudocolour_error ipd_frac_multi_peak ipd_frac_odd_win ruwe phot_g_mean_flux_over_error phot_g_mean_mag phot_bp_mean_flux_over_error phot_bp_mean_mag phot_rp_mean_flux_over_error phot_rp_mean_mag phot_bp_rp_excess_factor bp_rp radial_velocity radial_velocity_error rv_nb_transits rv_expected_sig_to_noise rv_renormalised_gof rv_chisq_pvalue phot_variable_flag l b in_qso_candidates in_galaxy_candidates non_single_star has_xp_continuous has_xp_sampled has_rvs has_epoch_photometry has_epoch_rv has_mcmc_gspphot has_mcmc_msc in_andromeda_survey teff_gspphot logg_gspphot mh_gspphot distance_gspphot ag_gspphot ebpminrp_gspphot debcat_oid name SpT1 SpT2 Pday Vmag BmV logM1 logM1e logM2 logM2e logR1 logR1e logR2 logR2e logg1 logg1e logg2 logg2e logT1 logT1e logT2 logT2e logL1 logL1e logL2 logL2e MoH MoHe ra_2 dec_2
[from data line 137]
0.5328945043213024 3041557579742275968 457982969 113.77755702308207 -9.095674823302327 5.998088978241895 0.01820654 329.44693 -33.008848361830985 0.017177973 4.788270722673296 0.017859478 31 "" "" 0 0 1.0472587 1106.6561 9.210558 479.3009 9.444797 779.23486 8.816273 1.1897235 0.6285238 16.158213 15.1819105 11 112.15264 76.818085 0.0 """VARIABLE""" 226.051555509021 5.41478806112039 False False 0 True True False True False True True False 6543.4585 4.09 -0.1998 165.9861 0.1175 0.0634 169 """HD_60637""" """F5_V""" """none""" 1.446 9.32 0.45 0.162 0.0102 -0.0926 0.007 0.2135 0.0032 -0.0867 0.0058 4.173 0.005 4.519 0.01 3.806 0.007 3.64 0.011 0.6 0.03 -0.66 0.05 -0.27 0.08 113.77770541666665 -9.095695833333334
0.7175122637629187 6304441073411046400 1691387583 211.96824822959837 -11.15206857911591 5.312068347038973 0.021626685 245.62566 -44.84139924186063 0.0216714 1.5891471712249887 0.018658487 31 "" "" 0 0 0.898247 3589.047 8.618927 775.18304 8.862343 2204.7146 8.213371 1.1911199 0.64897156 "" "" "" "" "" "" """NOT_AVAILABLE""" 331.2977869606146 47.46595975540036 False False 0 True True False False False True True False 6237.918 3.7815 -0.0875 186.9739 0.0142 0.0077 170 """DM_Vir""" """F7_V""" """F7_V""" 4.669 8.73 0.47 0.1626 0.0024 0.1608 0.0024 0.2463 0.0042 0.2463 0.0042 4.108 0.009 4.106 0.009 3.813 0.007 3.813 0.007 0.7 0.03 0.7 0.03 -9.99 -9.99 211.96845125 -11.152075555555555
0.02769431820927977 2105415749007167616 99016846 282.15870526667715 44.48606326512648 0.8393016358881333 0.017095568 49.094692 0.28407183705833794 0.020282408 -1.7593952942167816 0.022694586 31 "" "" 0 0 1.7768937 6875.5654 10.758455 1558.5397 11.308175 4503.819 10.063597 1.23538 1.2445784 -55.053307 4.2384205 19 87.746185 81.117065 0.0 """NOT_AVAILABLE""" 73.91118167997874 19.10435566775584 False False 0 True True True False False True True False 4660.0366 2.4609 -0.1987 1041.788 0.085 0.0447 171 """KIC_8410637""" """G_III""" """none""" 408.324 11.33 0.85 0.1679 0.005 0.1169 0.0046 1.0251 0.002 0.192 0.0028 2.556 0.003 4.171 0.005 3.663 0.008 3.783 0.014 1.656 0.03 0.468 0.058 0.02 0.08 282.15870333333334 44.486070833333336
0.07395704754623783 3038045567803107072 673124143 120.03431020155938 -10.763783097071203 0.28121374923678183 0.022544572 12.473679 -2.6122117421608655 0.025663937 3.906322088084145 0.018518453 31 "" "" 0 0 0.89607716 2832.0222 14.561126 549.293 14.785456 991.27014 14.190263 1.182166 0.5951929 "" "" "" "" "" "" """NOT_AVAILABLE""" 230.5735778764871 9.963428407496053 False False 0 True True False False False True True False 6956.3735 4.1177 -0.6462 1903.1105 0.2663 0.1439 172 """V943_Mon""" """none""" """none""" 2.868 14.65 0.39 0.1697 0.0021 0.0969 0.0035 0.3617 0.0026 0.1858 0.0054 3.884 0.007 4.163 0.012 3.834 0.006 3.834 0.006 -9.99 -9.99 -9.99 -9.99 -0.36 0.1 120.03432166666666 -10.763800277777777
0.4257600755583662 407170600540598144 471378327 24.673789725894935 52.51874329399697 3.1905219840680212 0.013364546 238.7303 23.33376518406232 0.013947985 -12.788429332534399 0.011456899 31 "" "" 0 0 0.9068177 2054.5095 9.540952 720.3186 9.749946 1057.1017 9.184157 1.182931 0.56578827 "" "" "" "" "" "" """VARIABLE""" 130.1927512094967 -9.685512302850336 False False 0 True True False True False True True False 7295.671 3.8401 -0.4856 311.8448 0.3788 0.2037 173 """HIP_7666""" """A5""" """none""" 2.372 9.64 0.4 0.1697 0.0079 0.0615 0.0068 0.3094 0.0026 0.0774 0.004 3.988 0.001 4.435 0.016 3.851 0.006 3.78 0.005 0.99 0.03 0.13 0.04 -0.13 0.05 24.67361916666666 52.5188
0.21248385374299683 938680396921810304 864475631 101.53806502246013 34.41461297624541 1.3937581932172527 0.018474335 75.44294 6.498943293769621 0.01944608 -11.641054928002735 0.015493079 31 "" "" 0 0 0.7328651 3734.7478 11.194621 1316.055 11.493639 969.1372 10.728522 1.1972569 0.7651167 "" "" "" "" "" "" """NOT_AVAILABLE""" 181.11639521432733 13.932584364187441 False False 0 True True False False False True True False 5826.2544 3.4629 -0.7232 723.445 0.002 0.0011 174 """GX_Gem""" """F7_V""" """F7_V""" 4.038 11.33 0.61 0.1726 0.0032 0.1664 0.003 0.3668 0.0022 0.3499 0.0023 3.877 0.004 3.904 0.005 3.792 0.007 3.79 0.007 0.86 0.03 0.82 0.03 -0.12 0.1 101.53802999999999 34.41466444444444
0.1547377040384037 6748088826900811904 91420392 298.09205024226736 -32.561079186589645 1.4607193753597811 0.02163543 67.51515 3.343751332419605 0.020419227 -9.031479971023696 0.014317963 31 "" "" 0 0 1.2166444 2519.2537 8.420594 746.2337 9.111616 594.2989 7.612419 1.2698592 1.499197 "" "" "" "" "" "" """VARIABLE""" 8.000706969807425 -26.262784502030687 False False 0 True True False True False True True False 4860.437 2.283 -0.0456 594.514 0.7021 0.3699 175 """HD_187669""" """K0_III""" """K2.5_II""" 88.387 8.88 1.24 0.1772 0.0009 0.1775 0.0012 1.0542 0.0107 1.3545 0.0096 2.507 0.02 1.907 0.019 3.667 0.007 3.636 0.007 1.732 0.031 2.207 0.035 -0.25 0.1 298.09203249999996 -32.56103888888889
0.07401158733255998 904854746325664000 224381880 127.48465164170877 37.07095383812875 8.429762159412192 0.030919101 272.6393 3.441911002318586 0.026922744 -3.0313954903367533 0.020998234 31 "" "" 0 0 0.9360791 4271.931 7.7951813 2264.0566 7.9954867 1301.5758 7.441035 1.1863134 0.55445194 "" "" "" "" "" "" """NOT_AVAILABLE""" 184.979495750397 34.803126288101986 False False 2 True True False False False True True False 6587.2495 3.9108 -0.2839 118.175 0.0081 0.0044 176 """HD_71636""" """F2_V""" """F5_V""" 5.013 7.89 0.38 0.1778 0.0006 0.1079 0.0007 0.1995 0.0066 0.1186 0.0099 4.22 0.01 4.31 0.02 3.842 0.009 3.809 0.009 0.721 0.036 0.428 0.041 -9.99 -9.99 127.48463208333331 37.07096722222222
0.42525257856859594 4087856280717586560 843279610 289.0930466115567 -16.464193842440764 3.744145039082457 0.026948398 138.93758 -1.2248855073806046 0.028216159 -26.518586961887603 0.023917751 31 "" "" 0 0 1.4433529 1300.5042 10.0561495 1060.4698 10.390423 1220.0287 9.554676 1.2010787 0.83574677 44.979218 21.37012 4 45.103336 31.836975 0.0 """NOT_AVAILABLE""" 20.810090200289878 -12.821078435324365 False False 0 False False True False False True True False 5966.2773 3.7693 -0.2255 281.8722 0.2296 0.1238 177 """EPIC_219552514""" """none""" """none""" 2.754 10.34 0.5 0.1787 0.017 -0.1878 0.01 0.3988 0.005 -0.1858 0.0087 3.822 0.009 4.624 0.012 3.791 0.007 3.603 0.018 0.913 0.03 -1.018 0.075 0.07 0.03 289.09305208333325 -16.464075833333332
0.037605110511066075 2125723492554930048 1361556008 292.1023842912005 42.252191308419505 0.8873511999013977 0.013375034 66.34385 -0.8379506304203415 0.015496353 -2.2178022223108904 0.014528177 31 "" "" 0 0 1.0507782 4280.4243 12.983391 1444.2751 13.236778 2909.9084 12.577948 1.1857574 0.65883064 -8.373153 5.372724 12 10.525802 "" "" """VARIABLE""" 74.70662640042568 11.583196425301406 False False 0 True True False True False True True False 6551.672 3.9878 -0.0311 1103.1443 0.185 0.0995 178 """KIC_6778289""" """none""" """none""" 30.13 13.09 0.45 0.1796 0.0063 0.0382 0.0076 0.2425 0.0022 -0.0009 0.0022 4.133 0.008 4.479 0.01 3.834 0.01 3.861 0.026 -9.99 -9.99 -9.99 -9.99 -9.99 -9.99 292.10238916666657 42.25220111111111
0.15426496089699715 2076767561231738240 1784392054 297.20177147966774 40.892408351066194 0.4727881059023944 0.022951296 20.599627 -2.526356149316326 0.025612736 -9.36120301551805 0.02972034 31 "" "" 0 0 1.995565 5979.227 11.50193 1267.766 12.137563 3653.3926 10.734732 1.2571263 1.4028311 -28.6218 2.2665915 23 64.15607 39.12547 0.0 """NOT_AVAILABLE""" 75.30007051461963 7.576446704125291 False False 2 True True True False False True True False 4445.798 1.6082 -0.9314 2669.0637 0.2224 0.1182 179 """KIC_5640750""" """none""" """none""" 987.398 11.88 1.24 0.1804 0.0095 0.1113 0.0057 1.148 0.0037 0.2679 0.0054 2.323 0.007 4.014 0.01 3.656 0.007 3.767 0.015 1.871 0.029 0.555 0.06 -0.29 0.09 297.20178625 40.892449722222224
0.754419768367335 5198334162577657984 521409760 160.60001918619608 -82.03747380134895 5.740432485138877 0.01861844 308.31973 -13.536450057069926 0.024367038 -45.153181460807396 0.022651555 31 "" "" 0 0 1.0873399 2848.878 7.9322004 622.17633 8.169326 1330.6693 7.5358167 1.1893432 0.63350916 "" "" "" "" "" "" """VARIABLE""" 298.40960439880246 -20.324220251043204 False False 2 True True False True False False True False "" "" "" "" "" "" 181 """RZ_Cha""" """F5_V""" """F5_V""" 2.832 8.1 0.47 0.1813 0.006 0.1787 0.0078 0.3549 0.0033 0.3549 0.0033 3.909 0.009 3.907 0.01 3.81 0.01 3.81 0.01 0.9 0.04 0.9 0.04 -9.99 -9.99 160.60045333333332 -82.03727305555556
0.36324617115303975 568183560050534016 1703535839 55.017384350023136 81.01910410525846 3.3202465967055903 0.013515287 245.666 15.237554855034636 0.014459068 -16.88805154749363 0.015611115 31 "" "" 0 0 1.0345424 5764.3325 9.720891 2295.3035 9.906113 4436.7485 9.393357 1.1806266 0.5127554 "" "" "" "" "" "" """NOT_AVAILABLE""" 129.34716105724954 20.32860391828188 False False 2 True True False False False True True False 6750.392 3.9003 -0.5364 295.6084 0.0076 0.0041 182 """EY_Cep""" """F0_V""" """F0_V""" 7.971 9.8 0.27 0.1827 0.0023 0.1755 0.0041 0.1652 0.0024 0.1667 0.003 4.29 0.006 4.28 0.006 3.851 0.01 3.843 0.01 0.69 0.04 0.66 0.04 -9.99 -9.99 55.01695041666666 81.01917888888889
0.21790929509721446 3392992381082045056 712180170 75.36789928868623 15.091260076986076 5.63494337975656 0.032555696 173.08626 10.343975756137858 0.03761091 -8.87731518354818 0.03171702 31 "" "" 0 0 1.7844459 4241.737 8.917676 2550.2825 9.191028 2812.2783 8.471898 1.1984384 0.71912956 -29.308111 6.2584815 7 110.777985 46.07763 0.0 """NOT_AVAILABLE""" 186.00925471855527 -16.137735008747665 False False 0 True True False False False False True False 6303.9604 3.9233 -0.3465 175.4876 0.1284 0.0691 183 """HD_32129""" """F3_V""" """G2_V""" 16.412 9.09 0.54 0.1872 0.001 0.0289 0.0008 0.2724 0.0012 -0.0055 0.0022 4.08 0.003 4.478 0.006 3.827 0.004 3.76 0.007 0.806 0.016 -0.013 0.031 0.19 0.07 75.36785166666665 15.091299444444445
0.11818593103237676 2131979370116194432 998179092 285.21616844350297 49.08943672060051 1.8648730903789397 0.016655715 111.96595 -5.085209169162483 0.021577615 -5.411517547651567 0.022081552 31 "" "" 0 0 1.5035334 762.6864 10.084532 273.68884 10.279415 382.04236 9.758629 1.1743551 0.5207863 "" "" "" "" "" "" """NOT_AVAILABLE""" 79.23856374011652 18.70135885209905 False False 2 True True False False False False True False "" "" "" "" "" "" 184 """KIC_11285625""" """early_F""" """early_F""" 10.79 10.16 0.39 0.1884 0.0037 0.0792 0.0058 0.3269 0.002 0.1679 0.0041 3.973 0.006 4.18 0.01 3.843 0.006 3.857 0.012 -9.99 -9.99 -9.99 -9.99 -0.58 0.15 285.2162029166666 49.08946055555556
0.09140410162041908 1836032243422750464 693600060 305.7705720453314 27.47747633845615 1.7670472177878946 0.029334376 60.238106 1.999071674331956 0.020172456 -5.357422919264372 0.025210412 31 "" "" 0 0 1.5732156 1050.6523 11.379237 420.0297 11.600187 589.3205 11.003692 1.1865644 0.5964956 -12.790928 17.937798 38 64.045525 46.923016 0.0 """VARIABLE""" 67.73952121360783 -5.566359283762091 False False 0 True True False True False True True False 6993.128 3.9601 -0.176 601.606 0.282 0.1517 185 """BT_Vul""" """F0_V""" """F7_V""" 1.141 11.69 0.31 0.1886 0.0028 0.0862 0.0028 0.1864 0.0051 0.0611 0.0109 4.254 0.011 4.403 0.022 3.862 0.009 3.797 0.012 0.772 0.038 0.26 0.055 -9.99 -9.99 305.7705616666666 27.4775
0.18408106584394054 4285545928789362944 1256985263 279.94303659780735 5.895383926805346 2.817581832900554 0.016483327 170.93526 -2.8034306191289984 0.019206032 -11.22967945625004 0.016555885 31 "" "" 0 0 0.97112554 1239.3655 10.755546 572.61255 11.014826 431.69324 10.332242 1.1927919 0.6825838 "" "" "" "" "" "" """VARIABLE""" 36.86696580281174 5.271650399565858 False False 0 False False False True False True True False 7263.261 4.1027 -0.3177 350.71 0.5591 0.3009 186 """TYC_459-771-1""" """F5""" """none""" 2.161 10.77 0.61 0.1892 0.0031 0.0414 0.0024 0.172 0.0027 0.0206 0.0013 4.283 0.005 4.438 0.002 3.883 0.004 -9.99 -9.99 -9.99 -9.99 -9.99 -9.99 0.04 0.04 279.94304874999995 5.895433611111111
0.2647998551818354 1861738069358924672 1602528254 306.967993143861 30.791259858310017 2.988455167481989 0.013429507 222.52902 11.549159300926803 0.0109133525 11.78602654964223 0.013526384 31 "" "" 0 0 0.82276374 2356.0425 9.5945835 660.62726 9.819801 1207.5358 9.21677 1.1854868 0.60303116 "" "" "" "" "" "" """VARIABLE""" 71.06702223988673 -4.52318819217129 False False 4 True True False True False True True False 6411.373 3.817 -0.0325 332.0719 0.0076 0.0041 188 """V442_Cyg""" """F1_V""" """F2_V""" 2.386 9.72 0.32 0.1942 0.0067 0.1492 0.0071 0.3164 0.0071 0.2206 0.0086 3.999 0.016 4.146 0.019 3.839 0.006 3.833 0.006 0.94 0.03 0.72 0.03 -9.99 -9.99 306.9679333333333 30.791207222222223
0.3515371083379869 3029552115358950528 1789980617 116.3696921521396 -14.686250420154078 11.690944403562602 0.023817236 490.8607 -9.77671650074006 0.02112372 -19.699473953720698 0.018681915 31 "" "" 0 0 1.0066626 831.2233 6.806853 242.75842 6.962263 335.36575 6.520544 1.1764435 0.44171906 "" "" "" "" "" "" """VARIABLE""" 232.19398985221463 4.905997291428763 False False 0 False False False True False True True False 7029.2974 3.9908 0.0816 85.3773 0.0005 0.0003 189 """PV_Pup""" """A8_V""" """A8_V""" 1.661 6.89 0.32 0.1945 0.0031 0.1915 0.0036 0.1881 0.0051 0.1758 0.0052 4.257 0.01 4.278 0.011 3.84 0.019 3.841 0.019 0.69 0.08 0.67 0.08 -9.99 -9.99 116.36973666666665 -14.686162777777778
0.8434191800950624 5152756553745197952 1712129852 46.00004676019218 -17.737774887386617 5.238003401357599 0.019782007 264.78625 52.446844195550675 0.019442564 4.521581063323279 0.021815443 31 "" "" 0 0 1.0292261 2267.725 8.306079 1092.8174 8.489992 683.2439 7.972337 1.1846281 0.5176554 "" "" "" "" "" "" """VARIABLE""" 202.85727208169666 -58.07152541580983 False False 2 True True False True False True True False 6670.332 3.8049 -0.7256 187.9051 0.0023 0.0012 190 """CW_Eri""" """F2_V""" """F5_V""" 2.728 8.43 0.36 0.1953 0.0044 0.1186 0.0033 0.3232 0.0015 0.1706 0.0015 3.9869 0.0026 4.2156 0.0022 3.835 0.006 3.817 0.006 0.941 0.022 0.564 0.026 -9.99 -9.99 45.99980166666666 -17.737794722222223
0.40605866388659445 4231287675625475840 546680264 310.18943747407536 0.939057043032036 3.992580298912242 0.021544365 185.31902 -4.220930286332801 0.02112692 -25.057623437842885 0.015397848 31 "" "" 1 0 1.1018386 1661.1154 8.695985 366.67258 8.95445 645.25903 8.278257 1.1900362 0.6761923 "" "" "" "" "" "" """VARIABLE""" 47.07992914678501 -23.64559533793705 False False 0 True True False True False True True False 6175.062 3.5919 -0.1285 247.5796 0.0245 0.0132 191 """IO_Aqr""" """F5_V-IV""" """F6_V-IV""" 2.368 8.86 0.48 0.1956 0.0011 0.2188 0.001 0.3406 0.003 0.3967 0.003 3.952 0.006 3.863 0.006 3.811 0.009 3.802 0.009 0.88 0.032 0.954 0.031 -9.99 -9.99 310.18945583333334 0.9391683333333334
0.10707072634767126 5892972486274281344 1485183183 221.22814293808702 -57.03224173090474 1.8226140205955292 0.017977351 101.3839 6.209127578284463 0.015185507 -2.4410431028807973 0.017228976 31 "" "" 0 0 1.0421563 812.74475 10.471831 235.38925 10.864905 348.05606 9.905449 1.2141341 0.95945644 "" "" "" "" "" "" """VARIABLE""" 317.9309716943766 2.497841909235898 False False 0 True True False True False False True False "" "" "" "" "" "" 192 """V_Cir""" """none""" """none""" 4.409 10.76 0.67 0.1981 0.0014 0.2154 0.0037 0.3724 0.0011 0.5986 0.001 3.892 0.002 3.456 0.001 3.735 0.017 3.799 0.01 -9.99 -9.99 -9.99 -9.99 -0.11 0.12 221.2280920833333 -57.03223083333333
