data/debcat_cross_with_gaia.ecsv
# %ECSV 1.0
# ---
# datatype:
# - {name: separation_arcsec, datatype: float64}
# - name: SOURCE_ID
#   datatype: int64
#   description: Unique source identifier (unique within a particular Data Release)
#   meta: !!omap
#   - {ucd: meta.id}
# - name: random_index
#   datatype: int64
#   description: Random index for use when selecting subsets
#   meta: !!omap
#   - {ucd: meta.code}
# - name: ra
#   unit: deg
#   datatype: float64
#   description: Right ascension
#   meta: !!omap
#   - {ucd: pos.eq.ra;meta.main}
#   - {utype: Char.SpatialAxis.Coverage.Location.Coord.Position2D.Value2.C1}
# - name: dec
#   unit: deg
#   datatype: float64
#   description: Declination
#   meta: !!omap
#   - {ucd: pos.eq.dec;meta.main}
#   - {utype: Char.SpatialAxis.Coverage.Location.Coord.Position2D.Value2.C2}
# - name: parallax
#   unit: mas
#   datatype: float64
#   description: Parallax
#   meta: !!omap
#   - {ucd: pos.parallax.trig}
# - name: parallax_error
#   unit: mas
#   datatype: float32
#   description: Standard error of parallax
#   meta: !!omap
#   - {ucd: stat.error;pos.parallax.trig}
# - name: parallax_over_error
#   datatype: float32
#   description: Parallax divided by its standard error
#   meta: !!omap
#   - {ucd: stat.snr;pos.parallax.trig}
# - name: pmra
#   unit: mas / yr
#   datatype: float64
#   description: Proper motion in right ascension direction
#   meta: !!omap
#   - {ucd: pos.pm;pos.eq.ra}
# - name: pmra_error
#   unit: mas / yr
#   datatype: float32
#   description: Standard error of proper motion in right ascension direction
#   meta: !!omap
#   - {ucd: stat.error;pos.pm;pos.eq.ra}
# - name: pmdec
#   unit: mas / yr
#   datatype: float64
#   description: Proper motion in declination direction
#   meta: !!omap
#   - {ucd: pos.pm;pos.eq.dec}
# - name: pmdec_error
#   unit: mas / yr
#   datatype: float32
#   description: Standard error of proper motion in declination direction
#   meta: !!omap
#   - {ucd: stat.error;pos.pm;pos.eq.dec}
# - name: astrometric_params_solved
#   datatype: int16
#   description: Which parameters have been solved for?
#   meta: !!omap
#   - {ucd: meta.number}
# - name: pseudocolour
#   unit: 1 / um
#   datatype: float32
#   description: Astrometrically estimated pseudocolour of the source
#   meta: !!omap
#   - {ucd: em.wavenumber}
# - name: pseudocolour_error
#   unit: 1 / um
#   datatype: float32
#   description: Standard error of the pseudocolour of the source
#   meta: !!omap
#   - {ucd: stat.error;em.wavenumber}
# - name: ipd_frac_multi_peak
#   datatype: int16
#   description: Percent of successful-IPD windows with more than one peak
#   meta: !!omap
#   - {ucd: stat.value}
# - name: ipd_frac_odd_win
#   datatype: int16
#   description: Percent of transits with truncated windows or multiple gate
#   meta: !!omap
#   - {ucd: stat.value}
# - name: ruwe
#   datatype: float32
#   description: Renormalised unit weight error
#   meta: !!omap
#   - {ucd: stat.error}
# - name: phot_g_mean_flux_over_error
#   datatype: float32
#   description: G-band mean flux divided by its error
#   meta: !!omap
#   - {ucd: stat.snr;phot.flux;em.opt}
# - name: phot_g_mean_mag
#   unit: mag
#   datatype: float32
#   description: G-band mean magnitude
#   meta: !!omap
#   - {ucd: phot.mag;em.opt}
# - name: phot_bp_mean_flux_over_error
#   datatype: float32
[...]
# - name: logL1e
#   datatype: float64
#   meta: !!omap
#   - {ucd: None}
#   - {utype: None}
# - name: logL2
#   datatype: float64
#   meta: !!omap
#   - {ucd: None}
#   - {utype: None}
# - name: logL2e
#   datatype: float64
#   meta: !!omap
#   - {ucd: None}
#   - {utype: None}
# - name: MoH
#   datatype: float64
#   meta: !!omap
#   - {ucd: None}
#   - {utype: None}
# - name: MoHe
#   datatype: float64
#   meta: !!omap
#   - {ucd: None}
#   - {utype: None}
# - name: ra_2
#   datatype: float64
#   meta: !!omap
#   - {ucd: None}
#   - {utype: None}
# - name: dec_2
#   datatype: float64
#   meta: !!omap
#   - {ucd: None}
#   - {utype: None}
# schema: astropy-2.0
separation_arcsec SOURCE_ID random_index ra dec parallax parallax_error parallax_over_error pmra pmra_error pmdec pmdec_error astrometric_params_solved pseudocolour pseudocolour_error ipd_frac_multi_peak ipd_frac_odd_win ruwe phot_g_mean_flux_over_error phot_g_mean_mag phot_bp_mean_flux_over_error phot_bp_mean_mag phot_rp_mean_flux_over_error phot_rp_mean_mag phot_bp_rp_excess_factor bp_rp radial_velocity radial_velocity_error rv_nb_transits rv_expected_sig_to_noise rv_renormalised_gof rv_chisq_pvalue phot_variable_flag l b in_qso_candidates in_galaxy_candidates non_single_star has_xp_continuous has_xp_sampled has_rvs has_epoch_photometry has_epoch_rv has_mcmc_gspphot has_mcmc_msc in_andromeda_survey teff_gspphot logg_gspphot mh_gspphot distance_gspphot ag_gspphot ebpminrp_gspphot debcat_oid name SpT1 SpT2 Pday Vmag BmV logM1 logM1e logM2 logM2e logR1 logR1e logR2 logR2e logg1 logg1e logg2 logg2e logT1 logT1e logT2 logT2e logL1 logL1e logL2 logL2e MoH MoHe ra_2 dec_2
[from data line 46]
0.018113552047069062 3017256242460492800 372249567 83.61605306347259 -5.693849181715643 2.5236685157089385 0.029334927 86.02948 -0.17425722998405854 0.027791234 1.122539875344501 0.022478765 31 "" "" 0 0 2.1005685 614.11316 13.361478 122.007835 14.162203 221.50635 12.470397 1.3032899 1.6918058 34.14877 6.757563 20 19.296318 "" "" """VARIABLE""" 209.20205908043621 -19.701301373237555 False False 0 True True False True False True True False 6001.2124 4.0307 -0.5129 380.802 1.8567 1.0198 62 """V1174_Ori""" """K4.5_V""" """M1.5_V""" 2.635 13.95 1.24 0.0039 0.0065 -0.1361 0.0048 0.1268 0.0049 0.0273 0.0045 4.19 0.01 4.25 0.01 3.65 0.012 3.558 0.012 -0.193 0.048 -0.761 0.058 -9.99 -9.99 83.61605374999998 -5.693854166666667
0.5656373912763453 313579414867698176 1026273796 18.463873832584746 31.819482704781166 5.6303827144359975 0.030784734 182.8953 26.06960622583271 0.025011297 23.76329863884284 0.020104656 95 1.5775834 0.005777857 0 0 1.1537747 4155.545 9.920491 3233.4153 10.196703 4979.5747 9.477174 1.1955185 0.71952915 7.9383435 2.7511363 14 99.92344 35.81719 0.0 """NOT_AVAILABLE""" 128.47641994867658 -30.8108110709893 False False 0 True True False False False True True False 5972.323 4.013 -0.678 176.8739 0.023 0.0125 64 """Gaia_DR3_313579414867698176""" """G0_V""" """none""" 14.277 10.12 0.5 0.0124 0.0106 -0.7055 0.0066 0.1514 0.0043 -0.6676 0.004 4.148 0.006 5.068 0.006 3.787 0.003 3.528 0.005 0.406 0.014 -2.267 0.024 -0.3 0.1 18.46373708333333 31.819376944444443
0.3356684059117115 1387290280744129152 1550443775 231.58128859053676 36.9815335530989 3.9555309755499857 0.0104885595 377.12814 -20.277621753830722 0.010014043 5.438154606826552 0.0121309925 31 "" "" 0 0 1.0029123 449.18573 10.717558 149.7354 11.041037 183.86404 10.2157755 1.2065942 0.8252611 "" "" "" "" "" "" """VARIABLE""" 59.61991346463535 55.99381802527933 False False 2 True True False True False True True False 5738.147 3.971 -0.3733 250.1168 0.071 0.0383 65 """CV_Boo""" """G2_V""" """G3_V""" 0.847 10.8 0.5 0.0137 0.0055 -0.0141 0.0054 0.1011 0.0079 0.0693 0.0085 4.294 0.016 4.285 0.017 3.76 0.011 3.754 0.011 0.197 0.048 0.107 0.049 -9.99 -9.99 231.58140124999997 36.98150916666667
0.3191283522193958 2077667962475652864 252397746 292.7179113077161 41.9224099588303 5.132434450371928 0.03447374 148.87955 -18.140007998665837 0.040908296 -8.334390470339656 0.037445035 31 "" "" 0 0 2.6740546 2899.484 10.113107 1272.446 10.392183 1881.5974 9.66834 1.1948828 0.7238436 "" "" "" "" "" "" """VARIABLE""" 74.61339886862851 11.027265102065082 False False 3 True True False True False True True False 5973.927 4.0291 -0.7885 184.6844 0.0266 0.0144 67 """KIC_6525196""" """none""" """none""" 3.421 10.22 0.52 0.015 0.0023 -0.0127 0.0017 0.0302 0.0008 0.0044 0.0007 4.3927 0.0024 4.4166 0.0019 3.812 0.009 3.806 0.008 -9.99 -9.99 -9.99 -9.99 -0.46 0.1 292.71801958333333 41.922446944444445
0.4277837875303343 2104965395916276096 393085109 283.01215798419514 42.72137404244509 3.1920646832860684 0.3822893 8.349867 5.259648270948772 0.5086824 13.899061779579768 0.38673037 31 "" "" 98 0 19.12902 348.44885 11.696826 350.81854 11.475645 910.6208 10.568875 2.0786586 0.90676975 "" "" "" "" "" "" """NOT_AVAILABLE""" 72.38938460434618 17.915406797518052 False False 0 True True False False False False True False "" "" "" "" "" "" 68 """KIC_7177553""" """G2_V""" """G2_V""" 17.996 11.54 0.52 0.0183 0.0058 -0.0061 0.0066 -0.0269 0.0023 -0.0264 0.0023 4.517 0.008 4.491 0.008 3.763 0.01 3.759 0.011 -0.055 0.04 -0.071 0.041 -0.05 0.09 283.0121195833333 42.72125861111111
0.05441364631283908 2104965400212348032 1480084628 283.01213393719644 42.721269439682295 "" "" "" "" "" "" "" 3 "" "" 75 0 "" 88.98861 11.868981 354.62158 11.477719 577.4718 10.57108 2.431005 0.9066391 "" "" "" "" "" "" """NOT_AVAILABLE""" 72.38927521156732 17.915386317748727 False False 0 False False False False False False False False "" "" "" "" "" "" 68 """KIC_7177553""" """G2_V""" """G2_V""" 17.996 11.54 0.52 0.0183 0.0058 -0.0061 0.0066 -0.0269 0.0023 -0.0264 0.0023 4.517 0.008 4.491 0.008 3.763 0.01 3.759 0.011 -0.055 0.04 -0.071 0.041 -0.05 0.09 283.0121195833333 42.72125861111111
0.09604627979675266 2079692678777827712 1669101438 296.435801484417 44.641536237936975 0.5529113357499341 0.018429872 30.000824 -3.4243462600705703 0.019385545 -5.032907207596069 0.020280318 31 "" "" 0 0 0.97012687 3976.3645 14.819803 522.7834 15.190221 1013.92114 14.266294 1.216422 0.9239273 "" "" "" "" "" "" """NOT_AVAILABLE""" 78.33867790316523 9.890066820715209 False False 0 True True False False False True True False 5755.9126 4.0015 -0.1901 1523.5872 0.2686 0.1445 69 """Kepler-34""" """none""" """none""" 27.796 15.04 0.63 0.0203 0.0013 0.0089 0.0009 0.0651 0.0011 0.0385 0.0012 4.3284 0.0021 4.3703 0.0022 3.772 0.009 3.768 0.01 0.173 0.033 0.107 0.036 -0.07 0.15 296.4358225 44.641558333333336
0.5434022212234704 6091428734401256448 752826972 214.2411432282353 -49.94521512763428 13.920642117582652 0.031379607 443.62067 -22.842806433114923 0.029960824 -25.095538059029902 0.037159216 31 "" "" 0 0 1.1525184 1230.6416 8.4976 398.30414 8.826704 483.77594 7.9999304 1.2012855 0.82677364 "" "" "" "" "" "" """NOT_AVAILABLE""" 316.74185401849877 10.619293107133084 False False 0 True True False False False True True False 5593.4185 4.2429 -0.534 71.7053 0.0005 0.0003 70 """V636_Cen""" """G0_V""" """none""" 4.284 8.7 0.62 0.022 0.0021 -0.0685 0.0015 0.0077 0.0017 -0.0809 0.0021 4.444 0.004 4.532 0.005 3.771 0.006 3.699 0.009 0.05 0.03 -0.41 0.04 -0.2 0.08 214.24130083333333 -49.94510333333333
0.30814335739467563 5388654952421552768 1124016707 167.00371911219185 -44.1163543541431 1.4363440085862342 0.018000482 79.794754 -19.27652796840301 0.013447724 -0.1470361306440453 0.01493234 31 "" "" 0 0 1.3837395 543.2978 11.693777 191.62439 12.271861 320.18622 10.96271 1.25118 1.3091507 "" "" "" "" "" "" """VARIABLE""" 284.02535660525 14.925727578359275 False False 0 True True False True False False True False 5267.1997 3.3875 0.0515 678.7579 0.564 0.2977 71 """TIC_71877648""" """none""" """none""" 32.394 12.18 1.1 0.0224 0.0033 0.0199 0.0029 0.6415 0.001 0.3462 0.0012 3.177 0.002 3.766 0.002 3.703 -9.99 3.715 -9.99 -9.99 -9.99 -9.99 -9.99 0.09 -9.99 167.0038383333333 -44.116353611111116
0.14343731435161766 4063353316189129728 955830853 271.54765320162267 -26.234316197252944 0.14128961329021705 0.058035664 2.4345307 -7.590670469014124 0.06556932 -4.84193755530412 0.046997014 31 "" "" 0 0 0.9374577 1096.8824 16.259703 28.478256 18.136593 155.19496 14.92456 1.5684298 3.2120333 "" "" "" "" "" "" """NOT_AVAILABLE""" 4.629814379568974 -2.5778286276955527 False False 0 True False False False False True True False 4787.868 2.809 0.3677 2026.0111 3.9767 2.1764 72 """Gaia_DR3_4063353316189129728""" """KO_III""" """K2_III""" 176.655 18.2 1.7 0.0253 0.0082 -0.0039 0.0079 1.2849 0.0063 1.477 0.0035 1.893 0.013 1.48 0.005 3.628 0.042 3.6 0.027 2.03 0.17 2.31 0.11 0.05 0.35 271.5476904166667 -26.234294444444444
0.43221134207792367 4087807180650392832 1272922951 288.8527462196171 -16.85632003428033 3.342311833101469 0.020345204 164.28009 -0.588700446558585 0.026199298 -26.95483202894044 0.019790385 31 "" "" 0 0 0.834009 1883.1069 11.318007 827.37274 11.678953 1294.4272 10.791864 1.2034954 0.8870888 "" "" "" "" "" "" """NOT_AVAILABLE""" 20.346000564297167 -12.776902172257683 False False 0 False False False False False True True False 5779.7686 4.0944 0.0336 294.8366 0.2045 0.1094 73 """Tyc_6296-96-1""" """G""" """G""" 6.527 11.34 0.64 0.0327 0.0008 0.0278 0.001 0.0233 0.0045 0.0179 0.005 4.4247 0.0094 4.4303 0.0097 3.773 0.007 3.769 0.007 0.091 0.031 0.066 0.031 0.07 0.03 288.85274875 -16.8562
0.8424228800427944 189291376380052992 140135618 84.38523294463764 37.08689228595989 7.906890881181192 0.025404906 311.2348 -39.715976128247405 0.025104802 34.572143583343454 0.021392891 31 "" "" 1 0 0.98987836 1425.6107 7.8568873 381.37946 8.14262 477.97134 7.3898673 1.2045844 0.7527528 "" "" "" "" "" "" """VARIABLE""" 172.18145718460636 2.8658650029104336 False False 2 False False False True False True True False 6163.8784 3.6516 -0.5424 127.6324 0.1946 0.1055 74 """V432_Aur""" """none""" """none""" 3.082 8.15 0.7 0.0334 0.0056 0.0792 0.0065 0.0899 0.0021 0.3909 0.0035 4.29 0.008 3.74 0.01 3.825 0.006 3.784 0.006 -9.99 -9.99 -9.99 -9.99 -0.6 0.05 84.38545416666666 37.086738611111116
0.0344324038883662 2051293014985315712 546296934 290.2388929796291 37.76019575937153 0.19719429297092433 0.060092114 3.2815337 -0.2677281193074985 0.059994888 -2.201828034136848 0.07018387 31 "" "" 0 0 1.0222361 1377.2372 17.286924 191.96236 17.757542 284.7177 16.673494 1.2107338 1.0840473 "" "" "" "" "" "" """NOT_AVAILABLE""" 69.95436714021905 10.88594104962899 False False 0 True False False False False True True False 5001.717 4.5248 -0.2857 1864.5697 0.0257 0.0136 76 """V568_Lyr""" """none""" """none""" 14.47 17.34 0.94 0.0361 0.0016 -0.0822 0.0012 0.1452 0.004 -0.1072 0.0029 4.184 0.0078 4.5698 0.0059 3.752 0.007 3.683 0.013 -9.99 -9.99 -9.99 -9.99 0.28 0.05 290.23889416666657 37.76020527777778
0.5848534726521284 57344071170762880 394767648 55.30940988927169 20.21471762004198 3.488041771920771 0.023036867 151.4113 4.859358071127594 0.028296866 -36.253516738523345 0.018968508 31 "" "" 58 0 1.1535147 2135.8696 11.167192 2049.184 11.546454 2683.334 10.580098 1.234257 0.9663563 "" "" "" "" "" "" """VARIABLE""" 168.39308838222368 -27.302185997515302 False False 0 True True False True False True True False 5985.837 4.0865 -0.7833 283.0328 0.4825 0.2632 77 """Tyc_1243-402-1""" """none""" """none""" 8.074 11.37 0.59 0.0374 0.004 -0.0177 0.009 0.0969 0.0035 -0.0269 0.0046 4.286 0.021 4.473 0.033 3.775 0.009 3.745 0.012 0.245 0.028 -0.118 0.038 0.0 0.05 55.30938666666666 20.21487861111111
0.0673066023163023 4063342909579750528 950979014 271.33511927003786 -26.431435421196547 0.14366693199670233 0.030680422 4.682691 2.6685362376863964 0.03006828 -3.185429778972449 0.021559522 31 "" "" 0 0 0.8513059 1627.7823 14.399839 159.80002 15.783018 502.70084 13.268611 1.3960319 2.5144072 "" "" "" "" "" "" """NOT_AVAILABLE""" 4.364601084862314 -2.5075520642507447 False False 0 True True False False False True True False 4721.846 2.4385 0.3505 3082.652 2.463 1.3123 78 """Gaia_DR3_4063342909579750528""" """K6_III""" """K8_III""" 155.658 15.48 1.26 0.0386 0.006 0.0512 0.0054 1.2567 0.0067 1.4742 0.0048 1.963 0.013 1.541 0.011 3.625 0.014 3.599 0.013 1.964 0.067 2.297 0.06 -0.07 0.15 271.3351058333333 -26.431421111111113
0.5842208196485001 5494443978353833088 1789596956 92.1330922890729 -59.54098041546531 2.4752207371247374 0.009870817 250.76147 -12.05726089305404 0.013822188 34.512940921207985 0.013479166 31 "" "" 1 0 0.9204402 7110.2256 11.872519 1748.4362 12.155344 3142.583 11.425574 1.1942226 0.7297697 23.561165 5.3371463 18 29.491543 24.105904 0.0 """NOT_AVAILABLE""" 268.4117212038449 -28.491138492560534 False False 2 True True True False False True True False 5930.588 4.2318 -0.246 398.6512 0.0007 0.0004 80 """TOI-1338""" """none""" """none""" 14.608 11.98 0.56 0.0406 0.0071 -0.5114 0.0042 0.1209 0.0056 -0.51 0.0056 4.24 0.01 4.95 0.01 3.78 0.004 3.506 0.018 0.32 0.02 -2.04 0.07 0.01 0.05 92.13319791666666 -59.54113361111111
0.03833638490089447 573937274335905152 103033720 13.156877530542527 85.17629121023761 0.5076203745958305 0.016139528 31.451998 -2.2675496768587196 0.018581642 -0.8240162259524725 0.018352866 31 "" "" 0 0 0.97190124 2709.6487 14.598742 435.2597 14.956123 610.1355 14.068079 1.2080573 0.88804436 -18.155624 6.9932995 17 4.1137266 "" "" """VARIABLE""" 122.9589505473719 22.30460364473584 False False 0 True True False True False True True False 5833.209 3.7493 -0.3239 2165.9421 0.1915 0.1028 83 """V785_Cep""" """none""" """none""" 6.504 14.74 0.6 0.0426 0.0028 0.0338 0.0028 0.1535 0.0058 0.1377 0.006 4.174 0.012 4.196 0.013 3.771 0.007 3.769 0.007 0.34 0.03 0.3 0.03 -0.06 0.06 13.156997083333332 85.17629472222222
0.18437788030663965 604916564203137280 363211711 132.9051594687394 11.782137561557409 1.1426469907698855 0.020119041 56.794308 -11.203190475984517 0.020745413 -3.0408304489035083 0.01512549 31 "" "" 0 0 1.1085026 6251.9214 13.848256 1760.5997 14.174267 1960.7998 13.359042 1.19765 0.81522465 40.000797 5.2260485 22 9.142072 "" "" """NOT_AVAILABLE""" 215.75382913028815 31.960036999901938 False False 0 False False False False False True True False 5813.066 4.2565 -0.2859 756.4918 0.0971 0.0523 84 """EPIC_211409263""" """none""" """none""" 69.728 13.99 0.62 0.0457 0.0059 -0.1261 0.0029 0.0298 0.0036 -0.1469 0.0195 4.424 0.002 4.607 0.038 3.785 0.007 3.673 0.01 -9.99 -9.99 -9.99 -9.99 0.03 0.04 132.90520999999998 11.782150833333334
0.4232066895594527 4183920989590558720 668580192 289.24969385390006 -16.42167279437154 3.20830117074577 0.018389178 174.4668 -0.732165181838131 0.020148573 -26.37960698491566 0.01865042 31 "" "" 0 0 1.0159703 5631.32 11.696349 2218.6123 12.065013 2367.6235 11.154655 1.2096705 0.9103575 51.26108 10.34079 8 26.343681 23.578634 0.0 """NOT_AVAILABLE""" 20.914433415499726 -12.939542848651667 False False 0 False False False False False True True False 5581.125 4.2091 -0.5621 306.571 0.1629 0.088 85 """Tyc_6296-2012-1""" """F8_V""" """none""" 11.991 11.86 0.7 0.0496 0.005 -0.1349 0.003 0.0711 0.0026 -0.1938 0.0115 4.346 0.005 4.69 0.022 3.788 0.007 3.653 0.01 0.248 0.028 -0.818 0.046 0.07 0.03 289.24969708333333 -16.421555277777777
0.8433732989458466 709910784966516992 1262818859 130.6923790833336 31.86241584618468 20.40227309585724 0.022345012 913.0571 -32.450712960242775 0.021816444 -41.567364314242624 0.017844833 31 "" "" 0 0 0.95348036 6400.0474 7.0519423 2131.2788 7.3381667 2128.5227 6.595629 1.1979815 0.7425375 "" "" "" "" "" "" """NOT_AVAILABLE""" 191.8863705642102 36.41452668467393 False False 0 True True False False False True True False 5870.8096 4.0106 -0.3122 49.0538 1e-04 1e-04 87 """KX_Cnc""" """F9_V""" """F9_V""" 31.22 7.19 0.56 0.0548 0.0012 0.0508 0.0017 0.0223 0.0023 0.025 0.0021 4.4825 0.0045 4.4388 0.0041 3.771 0.007 3.767 0.007 0.083 0.03 0.071 0.03 0.07 0.1 130.69254875 31.862600555555556
0.2920971405184882 1049087857023628672 1703611002 157.51348178873698 61.811500456529586 5.549431127461218 0.013965094 397.3787 18.130205426054747 0.010866342 -1.7746955556055637 0.013206939 31 "" "" 0 0 0.99977696 2728.6328 9.706886 820.13025 10.019221 1117.7726 9.224181 1.2005099 0.79504013 "" "" "" "" "" "" """NOT_AVAILABLE""" 147.10800750143315 48.14348761092977 False False 2 True True False False False True True False 5718.593 4.0885 -0.309 178.6997 0.0026 0.0014 88 """ZZ_UMa""" """F8_V""" """G6_V""" 2.299 10.39 0.54 0.0549 0.0033 -0.0154 0.0023 0.1574 0.0021 0.0315 0.0019 4.178 0.004 4.36 0.003 3.775 0.005 3.722 0.007 0.37 0.052 -0.095 0.03 -9.99 -9.99 157.51331083333332 61.81150833333333
