data/debcat_cross_with_gaia.ecsv
# %ECSV 1.0
# ---
# datatype:
# - {name: separation_arcsec, datatype: float64}
# - name: SOURCE_ID
#   datatype: int64
#   description: Unique source identifier (unique within a particular Data Release)
#   meta: !!omap
#   - {ucd: meta.id}
# - name: random_index
#   datatype: int64
#   description: Random index for use when selecting subsets
#   meta: !!omap
#   - {ucd: meta.code}
# - name: ra
#   unit: deg
#   datatype: float64
#   description: Right ascension
#   meta: !!omap
#   - {ucd: pos.eq.ra;meta.main}
#   - {utype: Char.SpatialAxis.Coverage.Location.Coord.Position2D.Value2.C1}
# - name: dec
#   unit: deg
#   datatype: float64
#   description: Declination
#   meta: !!omap
#   - {ucd: pos.eq.dec;meta.main}
#   - {utype: Char.SpatialAxis.Coverage.Location.Coord.Position2D.Value2.C2}
# - name: parallax
#   unit: mas
#   datatype: float64
#   description: Parallax
#   meta: !!omap
#   - {ucd: pos.parallax.trig}
# - name: parallax_error
#   unit: mas
#   datatype: float32
#   description: Standard error of parallax
#   meta: !!omap
#   - {ucd: stat.error;pos.parallax.trig}
# - name: parallax_over_error
#   datatype: float32
#   description: Parallax divided by its standard error
#   meta: !!omap
#   - {ucd: stat.snr;pos.parallax.trig}
# - name: pmra
#   unit: mas / yr
#   datatype: float64
#   description: Proper motion in right ascension direction
#   meta: !!omap
#   - {ucd: pos.pm;pos.eq.ra}
# - name: pmra_error
#   unit: mas / yr
#   datatype: float32
#   description: Standard error of proper motion in right ascension direction
#   meta: !!omap
#   - {ucd: stat.error;pos.pm;pos.eq.ra}
# - name: pmdec
#   unit: mas / yr
#   datatype: float64
#   description: Proper motion in declination direction
#   meta: !!omap
#   - {ucd: pos.pm;pos.eq.dec}
# - name: pmdec_error
#   unit: mas / yr
#   datatype: float32
#   description: Standard error of proper motion in declination direction
#   meta: !!omap
#   - {ucd: stat.error;pos.pm;pos.eq.dec}
# - name: astrometric_params_solved
#   datatype: int16
#   description: Which parameters have been solved for?
#   meta: !!omap
#   - {ucd: meta.number}
# - name: pseudocolour
#   unit: 1 / um
#   datatype: float32
#   description: Astrometrically estimated pseudocolour of the source
#   meta: !!omap
#   - {ucd: em.wavenumber}
# - name: pseudocolour_error
#   unit: 1 / um
#   datatype: float32
#   description: Standard error of the pseudocolour of the source
#   meta: !!omap
#   - {ucd: stat.error;em.wavenumber}
# - name: ipd_frac_multi_peak
#   datatype: int16
#   description: Percent of successful-IPD windows with more than one peak
#   meta: !!omap
#   - {ucd: stat.value}
# - name: ipd_frac_odd_win
#   datatype: int16
#   description: Percent of transits with truncated windows or multiple gate
#   meta: !!omap
#   - {ucd: stat.value}
# - name: ruwe
#   datatype: float32
#   description: Renormalised unit weight error
#   meta: !!omap
#   - {ucd: stat.error}
# - name: phot_g_mean_flux_over_error
#   datatype: float32
#   description: G-band mean flux divided by its error
#   meta: !!omap
#   - {ucd: stat.snr;phot.flux;em.opt}
# - name: phot_g_mean_mag
#   unit: mag
#   datatype: float32
#   description: G-band mean magnitude
#   meta: !!omap
#   - {ucd: phot.mag;em.opt}
# - name: phot_bp_mean_flux_over_error
#   datatype: float32
[...]
# - name: logL1e
#   datatype: float64
#   meta: !!omap
#   - {ucd: None}
#   - {utype: None}
# - name: logL2
#   datatype: float64
#   meta: !!omap
#   - {ucd: None}
#   - {utype: None}
# - name: logL2e
#   datatype: float64
#   meta: !!omap
#   - {ucd: None}
#   - {utype: None}
# - name: MoH
#   datatype: float64
#   meta: !!omap
#   - {ucd: None}
#   - {utype: None}
# - name: MoHe
#   datatype: float64
#   meta: !!omap
#   - {ucd: None}
#   - {utype: None}
# - name: ra_2
#   datatype: float64
#   meta: !!omap
#   - {ucd: None}
#   - {utype: None}
# - name: dec_2
#   datatype: float64
#   meta: !!omap
#   - {ucd: None}
#   - {utype: None}
# schema: astropy-2.0
separation_arcsec SOURCE_ID random_index ra dec parallax parallax_error parallax_over_error pmra pmra_error pmdec pmdec_error astrometric_params_solved pseudocolour pseudocolour_error ipd_frac_multi_peak ipd_frac_odd_win ruwe phot_g_mean_flux_over_error phot_g_mean_mag phot_bp_mean_flux_over_error phot_bp_mean_mag phot_rp_mean_flux_over_error phot_rp_mean_mag phot_bp_rp_excess_factor bp_rp radial_velocity radial_velocity_error rv_nb_transits rv_expected_sig_to_noise rv_renormalised_gof rv_chisq_pvalue phot_variable_flag l b in_qso_candidates in_galaxy_candidates non_single_star has_xp_continuous has_xp_sampled has_rvs has_epoch_photometry has_epoch_rv has_mcmc_gspphot has_mcmc_msc in_andromeda_survey teff_gspphot logg_gspphot mh_gspphot distance_gspphot ag_gspphot ebpminrp_gspphot debcat_oid name SpT1 SpT2 Pday Vmag BmV logM1 logM1e logM2 logM2e logR1 logR1e logR2 logR2e logg1 logg1e logg2 logg2e logT1 logT1e logT2 logT2e logL1 logL1e logL2 logL2e MoH MoHe ra_2 dec_2
[from data line 252]
0.02605577430175284 4661840005132690944 1617104813 77.95612687199421 -67.09586831678003 0.015061143248380857 0.02853256 0.5278581 1.619508929524741 0.03536353 0.13266233729905685 0.041241363 31 "" "" 1 0 1.0075765 2401.9182 15.945937 508.24045 16.516937 663.1398 15.242616 1.2331431 1.2743216 "" "" "" "" "" "" """VARIABLE""" 277.581630664366 -34.463935652768114 False False 0 True False False True False True True False 5158.979 3.4361 0.0492 4335.862 0.4524 0.2382 293 """Gaia_DR3_4661840005132690944""" """G3_III""" """K0_III""" 167.796 16.27 1.19 0.4744 0.0019 0.4767 0.0017 1.374 0.0039 1.6474 0.0025 2.165 0.008 1.62 0.005 3.72 0.005 3.671 0.009 2.583 0.023 2.932 0.036 -0.46 0.1 77.95610833333333 -67.09586888888889
0.02710032660604967 4659341399316612736 763461153 84.96332520858948 -67.88349690508282 0.021006092931510838 0.049275942 0.4262951 1.5564187959926137 0.054422427 0.681597850639792 0.06949825 31 "" "" 1 0 1.1084185 1578.0104 16.544462 147.15045 17.054464 336.12387 15.878643 1.2305983 1.1758213 "" "" "" "" "" "" """NOT_AVAILABLE""" 278.0294326627144 -31.695038864008556 False False 0 True False False False False True True False 5104.9907 4.1859 -0.3713 2231.91 0.2844 0.1514 294 """Gaia_DR3_4659341399316612736""" """G4_III""" """G6_III""" 144.188 16.79 1.06 0.4748 0.0031 0.4904 0.0034 1.3066 0.0047 1.3922 0.0042 2.3 0.009 2.144 0.008 3.721 0.006 3.704 0.007 2.453 0.026 2.554 0.029 -0.28 0.12 84.96330666666667 -67.88349972222223
0.02251485765422554 5726180450637542400 1681748185 120.35267354857577 -12.793268394408514 1.5059686241770744 0.034039292 44.24207 -0.2776622976706908 0.032271534 -1.3445523814531346 0.0233921 31 "" "" 0 0 0.9946774 1218.0532 8.782517 532.69086 8.754792 630.17035 8.803347 1.1569116 -0.04855442 "" "" "" "" "" "" """VARIABLE""" 232.50737207762353 9.20180527922289 False False 0 True True False True False False True False "" "" "" "" "" "" 295 """V414_Pup""" """ApSi""" """Am""" 4.749 8.81 -0.05 0.499 0.0081 0.2433 0.0097 0.4442 0.0053 0.143 0.0131 4.049 0.011 4.395 0.021 4.114 0.01 3.954 0.007 -9.99 -9.99 -9.99 -9.99 -9.99 -9.99 120.35267458333333 -12.793262222222221
0.02919393438365929 4659300373787150464 369805317 86.78458137972865 -68.07001711493953 -0.04453674829566613 0.044905376 -0.991791 1.603925949263906 0.05212204 0.8772755780370074 0.058578115 31 "" "" 0 0 1.0690267 1702.8188 16.627682 135.29077 17.090326 205.52818 16.017754 1.2118162 1.0725727 "" "" "" "" "" "" """VARIABLE""" 278.18148207504674 -30.99912751387564 False False 0 True False False True False True True False 5231.2476 4.1694 -0.0002 2950.2876 0.2175 0.1155 296 """Gaia_DR3_4659300373787150464""" """G2_III""" """G2_III""" 133.173 16.77 0.94 0.5004 0.0027 0.503 0.0027 1.2755 0.006 1.2931 0.0057 2.387 0.012 2.355 0.012 3.736 0.01 3.734 0.01 2.45 0.042 2.476 0.042 -0.45 0.16 86.78456208333331 -68.07002083333333
0.9224623362258597 1667976701458958848 1365785904 211.09674420277332 64.3759244157777 12.515550878050064 0.20325553 61.57545 -56.35087306316116 0.300199 12.329340528062769 0.23817386 95 1.8139997 0.05577456 0 0 2.4141114 490.36798 3.652423 104.04716 3.6570196 467.8682 3.629507 1.1520671 0.02751255 "" "" "" "" "" "" """NOT_AVAILABLE""" 110.524127188425 50.958790840019624 False False 0 True True False False False False True False "" "" "" "" "" "" 297 """alpha_Dra""" """A0_III""" """none""" 51.417 3.68 0.04 0.5032 0.006 0.3858 0.0034 0.693 0.0032 0.3666 0.0097 3.555 0.006 4.09 0.019 4.01 0.004 3.997 0.014 2.38 0.018 1.667 0.059 0.01 0.05 211.09732291666663 64.37586944444443
0.10549372569221971 4040825529908227072 590104891 268.47822481229383 -34.75274721283563 "" "" "" "" "" "" "" 3 "" "" 32 0 "" 106.901054 6.0615025 125.85779 5.9562697 250.16858 5.901232 1.2869176 0.055037975 "" "" "" "" "" "" """NOT_AVAILABLE""" 355.9023939874578 -4.491376080040283 False False 0 True True False False False False False False "" "" "" "" "" "" 299 """V906_Sco""" """B9_V""" """B9_V""" 2.786 5.96 -0.01 0.5123 0.0092 0.5287 0.0091 0.5459 0.0048 0.6552 0.0034 3.858 0.013 3.656 0.012 4.029 0.02 4.017 0.021 2.162 0.082 2.33 0.084 -9.99 -9.99 268.47822124999993 -34.752718055555555
0.028644576754350778 4663771675252350080 352845758 76.40571110611587 -65.28707080569107 0.08330414075307285 0.04186571 1.9897941 1.7849406749003742 0.048269518 -0.053907086793422807 0.051172182 31 "" "" 0 1 0.950731 2549.0947 16.698076 286.29532 17.16926 594.28955 16.080147 1.213565 1.0891132 "" "" "" "" "" "" """NOT_AVAILABLE""" 275.57923074106543 -35.44872496326643 False False 0 True False False False False True True False 5102.186 3.679 -0.0697 4532.0366 0.167 0.0887 300 """Gaia_DR3_4663771675252350080""" """G4_III""" """G5_III""" 194.517 16.53 0.93 0.5141 0.0037 0.5091 0.0039 1.3733 0.0077 1.3997 0.0074 2.205 0.016 2.148 0.015 3.712 0.006 3.704 0.006 2.55 0.028 2.569 0.028 -0.6 0.15 76.40569208333332 -65.28707055555556
0.02939833667889021 4658260373306002944 2480159 77.58151040991109 -68.97000234889714 0.05759440492511439 0.05287203 1.0893171 1.8086295556717442 0.06435375 -0.25627600035406795 0.065538354 31 "" "" 0 0 1.222282 800.56537 16.458656 46.163273 16.810522 51.43623 15.722227 1.3539107 1.088295 "" "" "" "" "" "" """VARIABLE""" 279.83375634566966 -34.19350769828348 False False 0 True False False True False False True False 5683.062 4.3161 -0.132 1761.3901 0.5896 0.3172 301 """Gaia_DR3_4658260373306002944""" """G4_III""" """G2_III""" 214.366 16.71 1.03 0.519 0.003 0.5058 0.0034 1.4205 0.0056 1.2739 0.0086 2.116 0.011 2.396 0.017 3.719 0.005 3.734 0.009 2.669 0.023 2.439 0.04 -0.38 0.12 77.58148791666666 -68.97000111111112
0.8693270487206546 4658354927054782976 398366304 78.50850076331423 -68.68822421309218 0.4093687233779049 0.13227224 3.0948951 1.774673627502803 0.15094778 0.010929717910698186 0.31231272 95 1.7527708 0.03689964 38 35 0.9776053 318.10013 18.01775 "" "" "" "" "" "" "" "" "" "" "" "" """NOT_AVAILABLE""" 279.4125176119645 -33.92951382034129 False False 0 False False False False False False False False "" "" "" "" "" "" 302 """Gaia_DR3_4658354927055221632""" """G6_III""" """G9_III""" 117.975 16.43 1.09 0.5228 0.0038 0.503 0.0035 1.3909 0.0051 1.564 0.003 2.179 0.01 1.813 0.006 3.705 0.009 3.673 0.007 2.555 0.036 2.777 0.028 -0.7 0.1 78.50787041666666 -68.68830055555556
0.059818686074752 4658354927055221632 600255398 78.50790990728308 -68.68830892851858 0.6764480607112158 0.1417012 4.7737637 3.224620434015943 0.16425103 -1.8523899277374913 0.20196475 31 "" "" 16 0 4.4994373 180.33667 16.244541 66.507645 16.163115 77.9928 15.274883 1.8098948 0.8882313 "" "" "" "" "" "" """VARIABLE""" 279.41267233092765 -33.92970568201155 False False 0 True False False True False False True False "" "" "" "" "" "" 302 """Gaia_DR3_4658354927055221632""" """G6_III""" """G9_III""" 117.975 16.43 1.09 0.5228 0.0038 0.503 0.0035 1.3909 0.0051 1.564 0.003 2.179 0.01 1.813 0.006 3.705 0.009 3.673 0.007 2.555 0.036 2.777 0.028 -0.7 0.1 78.50787041666666 -68.68830055555556
0.026359764629490242 4687506901499564672 1756804851 16.54308869601249 -72.1070008023519 -0.020034215368569974 0.027434656 -0.7302521 0.8980724183466775 0.035151485 -1.330741709609565 0.03387375 31 "" "" 0 0 1.1109004 2611.2522 15.525426 254.90312 16.043007 760.695 14.8172655 1.2583537 1.2257414 "" "" "" "" "" "" """VARIABLE""" 301.3329582623068 -44.975476154258494 False False 0 True False False True False True True False 5445.8047 3.3649 -0.1455 4128.502 0.5826 0.31 303 """Gaia_DR3_4687506901499564672""" """G8_III""" """G8_III""" 371.768 15.81 0.88 0.5446 0.0035 0.5516 0.003 1.6609 0.0066 1.6848 0.0063 1.66 0.017 1.62 0.016 3.681 0.009 3.682 0.009 3.0 0.033 3.053 0.03 -0.5 0.0 16.543075416666667 -72.10699472222221
0.35177635056474554 246797724301643904 1580243883 59.93625381919601 48.15117636357273 3.447811815361877 0.03125315 110.318855 15.271969823945167 0.030320957 -15.773374650087602 0.024392461 31 "" "" 0 0 0.9994627 1375.5536 7.6957254 597.1932 7.710103 631.8494 7.6193943 1.16727 0.09070873 "" "" "" "" "" "" """VARIABLE""" 152.24427632035756 -3.7097900453867907 False False 4 True True False True False True True False 12611.844 3.934 -1.3302 296.3665 0.4383 0.2349 304 """IQ_Per""" """B8_V""" """A6_V""" 1.744 7.73 -0.05 0.546 0.0062 0.24 0.0057 0.3938 0.0026 0.177 0.0046 4.197 0.004 4.324 0.009 4.09 0.006 3.885 0.006 2.102 0.025 0.849 0.022 -9.99 -9.99 59.93615166666666 48.151246388888886
0.030804976532334948 4655572445268219392 227258818 73.0636737373651 -68.31951043530098 0.001969440088044179 0.06614881 0.029772872 1.64460699936966 0.08833118 -0.9340583068914694 0.09027091 31 "" "" 25 0 2.4864817 933.6541 15.830048 428.04263 16.342989 663.44183 15.098604 1.2777975 1.2443848 "" "" "" "" "" "" """NOT_AVAILABLE""" 279.6015497278545 -35.951856508051186 False False 0 True False False False False True True False 5184.25 4.1104 -0.2781 1785.6927 0.5156 0.2766 305 """Gaia_DR3_4655572445268219392""" """G3_III""" """K1.5_II""" 251.247 16.13 1.17 0.5514 0.0024 0.5502 0.0038 1.428 0.0084 1.6731 0.0046 2.134 0.017 1.642 0.009 3.724 0.007 3.653 0.006 2.708 0.032 2.912 0.025 -0.49 0.17 73.06365375 -68.31950611111111
0.029542282796616935 4658237043035232256 966524279 78.52481991986448 -69.26577137209308 -0.017851191514829313 0.03403094 -0.5245577 1.810671145651425 0.04404593 0.31741907719485074 0.046083882 31 "" "" 0 0 1.0910196 2084.5002 16.348314 229.91566 16.883547 347.51907 15.631531 1.257536 1.2520161 "" "" "" "" "" "" """NOT_AVAILABLE""" 280.0902152510107 -33.79940060334979 False False 0 True False False False False True True False 5201.728 3.2338 -0.1899 6925.65 0.4805 0.2551 306 """Gaia_DR3_4658237043035232256""" """none""" """none""" 771.781 16.63 0.82 0.5555 0.0066 0.5329 0.006 1.5147 0.0068 1.3615 0.0091 1.964 0.014 2.248 0.018 3.698 0.007 3.699 0.007 -9.99 -9.99 -9.99 -9.99 -0.15 0.1 78.52479708333333 -69.26577277777778
0.029542282796616935 4658237043035232256 966524279 78.52481991986448 -69.26577137209308 -0.017851191514829313 0.03403094 -0.5245577 1.810671145651425 0.04404593 0.31741907719485074 0.046083882 31 "" "" 0 0 1.0910196 2084.5002 16.348314 229.91566 16.883547 347.51907 15.631531 1.257536 1.2520161 "" "" "" "" "" "" """NOT_AVAILABLE""" 280.0902152510107 -33.79940060334979 False False 0 True False False False False True True False 5201.728 3.2338 -0.1899 6925.65 0.4805 0.2551 307 """Gaia_DR3_4658237043035232256""" """G6_III""" """G6_III""" 772.638 16.63 1.09 0.5561 0.0046 0.5352 0.0038 1.5163 0.0029 1.3692 0.0058 1.962 0.005 2.235 0.011 3.699 0.006 3.702 0.009 2.783 0.025 2.5 0.036 -0.24 0.11 78.52479708333333 -69.26577277777778
0.028293209903094575 4659220384315198208 293688734 88.37234349479873 -67.89981916172299 0.0009415861552829136 0.024181029 0.038939044 1.5906747441333846 0.036277793 0.7724476614797994 0.032161936 31 "" "" 0 0 1.0163403 196.16747 15.334102 54.518723 15.666513 93.56504 14.843041 1.1956177 0.823472 "" "" "" "" "" "" """VARIABLE""" 277.9463563398206 -30.414057656147275 False False 0 True False False True False True True False 6319.4004 3.7511 -0.1467 3706.386 0.3219 0.1725 308 """Gaia_DR3_4659220384315198208""" """F7_Ib""" """F7_Ib-I""" 550.354 15.5 0.5 0.5575 0.0036 0.5465 0.0037 1.4548 0.003 1.4216 0.0033 2.087 0.007 2.142 0.006 3.787 0.011 3.783 0.011 3.01 0.05 2.93 0.05 -9.99 -9.99 88.37232458333331 -67.89982250000001
0.6119531938841161 3532312225289255040 1012741730 166.490047090567 -27.287926761802076 4.761591804997852 0.06520758 73.022064 34.4165171955749 0.057172067 -16.47710803179976 0.05514438 31 "" "" 0 0 0.9325863 387.0264 5.6729026 100.269394 5.651455 186.23271 5.6828012 1.1568 -0.03134632 47.243847 16.05353 19 660.98096 "" 0.0 """VARIABLE""" 275.8238436219932 29.97318671750147 False False 0 True True True True False False True False 7999.8423 3.0763 -2.2127 188.9903 1e-04 0.0 309 """chi2_Hya""" """B8_V""" """B8_V""" 2.268 5.65 -0.09 0.5579 0.0095 0.4213 0.0082 0.6419 0.0039 0.3355 0.0086 3.712 0.015 4.188 0.019 4.066 0.01 4.041 0.01 2.5 0.04 1.79 0.04 -9.99 -9.99 166.48987458333332 -27.287853333333334
0.0009680587506862325 4272605845129174016 1484421506 278.78424774971984 0.04298759974990977 "" "" "" "" "" "" "" 3 "" "" 39 0 "" 56.29726 7.9894633 791.48175 8.114754 562.7134 7.0817432 1.6173599 1.0330105 "" "" "" "" "" "" """NOT_AVAILABLE""" 31.109510537321682 3.64591149814558 False False 0 False False False False False False False False "" "" "" "" "" "" 310 """V413_Ser""" """B8_V""" """B9_V""" 2.26 8.0 0.58 0.5658 0.0059 0.5263 0.0052 0.5065 0.0068 0.4669 0.0074 3.9914 0.0028 4.031 0.0031 4.045 0.012 4.015 0.012 2.149 0.022 1.949 0.034 -9.99 -9.99 278.7842475 0.0429875
0.03739835292097292 4657984017932353024 1699979295 80.78214182657595 -69.56387551019148 0.2990553362652973 0.097532034 3.0662267 2.245870870733519 0.118737414 -0.4963499563866596 0.12470992 95 1.6551905 0.026535656 9 0 2.317543 101.832184 16.660608 30.859673 16.577904 59.85071 15.777796 1.7317761 0.80010796 "" "" "" "" "" "" """VARIABLE""" 280.24863726071635 -32.9620351897779 False False 0 True False False True False False True False "" "" "" "" "" "" 311 """Gaia_DR3_4657984017932353024""" """F7_II""" """G4_III""" 551.776 16.69 0.64 0.5752 0.0035 0.4183 0.0033 1.2516 0.0032 1.073 0.0029 2.509 0.007 2.709 0.007 3.787 0.011 3.713 0.01 2.61 0.04 1.95 0.04 -9.99 -9.99 80.78211291666666 -69.56387305555555
0.024235652359261627 4685896662392593920 1622805191 14.456629883753614 -73.26294057519648 -0.002331890807963123 0.023857739 -0.097741485 0.733272718440244 0.031569753 -1.2963406029043483 0.02670386 31 "" "" 3 0 1.0342672 2658.3655 15.418631 83.24537 15.692719 43.114647 14.875941 1.2573081 0.8167782 "" "" "" "" "" "" """VARIABLE""" 302.29411871859713 -43.85739698172935 False False 0 True False False True False False True False 6342.753 2.9705 -0.7892 11457.092 0.4244 0.2302 312 """Gaia_DR3_4685896662392593920""" """F2_II""" """G6_II""" 187.843 15.56 0.67 0.5832 0.0023 0.5717 0.0012 1.4942 0.007 1.6294 0.0041 2.03 0.01 1.75 0.01 3.823 0.008 3.697 0.006 3.234 0.037 3.003 0.026 -0.78 0.08 14.45661833333333 -73.26293472222223
0.603834335170379 4913847589156808960 1626290459 17.096327954824456 -55.24561894228843 11.208002282500875 0.34679598 32.31872 20.374859834987454 0.27282602 31.738644176456376 0.39906076 95 1.712673 0.076535314 86 0 3.3962727 199.97351 4.032716 364.956 3.8992853 417.4923 4.020397 1.2457883 -0.12111187 "" "" "" "" "" "" """NOT_AVAILABLE""" 297.83290684256275 -61.71452967449402 False False 0 True True False False False True True False 12487.914 3.8113 0.7945 97.4327 0.0719 0.0385 313 """zeta_Phe""" """B6_V""" """B8_V""" 1.67 3.95 -0.15 0.592 0.0063 0.4041 0.0053 0.4526 0.0029 0.2753 0.0025 4.125 0.005 4.292 0.004 4.158 0.024 4.079 0.022 2.49 0.1 1.82 0.09 -9.99 -9.99 17.096168749999997 -55.245760000000004
0.03201165518449809 4657941343120064128 1208982513 80.24776476441099 -70.12646851551459 0.03268406473462358 0.027082788 1.2068206 1.9698777176618933 0.02943099 0.22171865353952036 0.034001626 31 "" "" 1 0 1.0354472 2816.2502 15.567221 246.77419 16.05558 435.80905 14.89783 1.2422878 1.1577501 "" "" "" "" "" "" """NOT_AVAILABLE""" 280.94905435446947 -33.035074468088865 False False 0 True False False False False True True False 5433.2983 3.4802 -0.051 3795.8662 0.4176 0.2215 314 """Gaia_DR3_4657941343120064128""" """G1_II-I""" """G4_II-I""" 262.439 15.82 1.07 0.5966 0.0026 0.6085 0.0026 1.4837 0.0054 1.5962 0.0039 2.067 0.011 1.854 0.008 3.74 0.007 3.706 0.007 2.882 0.031 2.972 0.028 -0.3 0.1 80.24773875 -70.12646944444444
