data/debcat_cross_with_gaia.ecsv
# %ECSV 1.0
# ---
# datatype:
# - {name: separation_arcsec, datatype: float64}
# - name: SOURCE_ID
#   datatype: int64
#   description: Unique source identifier (unique within a particular Data Release)
#   meta: !!omap
#   - {ucd: meta.id}
# - name: random_index
#   datatype: int64
#   description: Random index for use when selecting subsets
#   meta: !!omap
#   - {ucd: meta.code}
# - name: ra
#   unit: deg
#   datatype: float64
#   description: Right ascension
#   meta: !!omap
#   - {ucd: pos.eq.ra;meta.main}
#   - {utype: Char.SpatialAxis.Coverage.Location.Coord.Position2D.Value2.C1}
# - name: dec
#   unit: deg
#   datatype: float64
#   description: Declination
#   meta: !!omap
#   - {ucd: pos.eq.dec;meta.main}
#   - {utype: Char.SpatialAxis.Coverage.Location.Coord.Position2D.Value2.C2}
# - name: parallax
#   unit: mas
#   datatype: float64
#   description: Parallax
#   meta: !!omap
#   - {ucd: pos.parallax.trig}
# - name: parallax_error
#   unit: mas
#   datatype: float32
#   description: Standard error of parallax
#   meta: !!omap
#   - {ucd: stat.error;pos.parallax.trig}
# - name: parallax_over_error
#   datatype: float32
#   description: Parallax divided by its standard error
#   meta: !!omap
#   - {ucd: stat.snr;pos.parallax.trig}
# - name: pmra
#   unit: mas / yr
#   datatype: float64
#   description: Proper motion in right ascension direction
#   meta: !!omap
#   - {ucd: pos.pm;pos.eq.ra}
# - name: pmra_error
#   unit: mas / yr
#   datatype: float32
#   description: Standard error of proper motion in right ascension direction
#   meta: !!omap
#   - {ucd: stat.error;pos.pm;pos.eq.ra}
# - name: pmdec
#   unit: mas / yr
#   datatype: float64
#   description: Proper motion in declination direction
#   meta: !!omap
#   - {ucd: pos.pm;pos.eq.dec}
# - name: pmdec_error
#   unit: mas / yr
#   datatype: float32
#   description: Standard error of proper motion in declination direction
#   meta: !!omap
#   - {ucd: stat.error;pos.pm;pos.eq.dec}
# - name: astrometric_params_solved
#   datatype: int16
#   description: Which parameters have been solved for?
#   meta: !!omap
#   - {ucd: meta.number}
# - name: pseudocolour
#   unit: 1 / um
#   datatype: float32
#   description: Astrometrically estimated pseudocolour of the source
#   meta: !!omap
#   - {ucd: em.wavenumber}
# - name: pseudocolour_error
#   unit: 1 / um
#   datatype: float32
#   description: Standard error of the pseudocolour of the source
#   meta: !!omap
#   - {ucd: stat.error;em.wavenumber}
# - name: ipd_frac_multi_peak
#   datatype: int16
#   description: Percent of successful-IPD windows with more than one peak
#   meta: !!omap
#   - {ucd: stat.value}
# - name: ipd_frac_odd_win
#   datatype: int16
#   description: Percent of transits with truncated windows or multiple gate
#   meta: !!omap
#   - {ucd: stat.value}
# - name: ruwe
#   datatype: float32
#   description: Renormalised unit weight error
#   meta: !!omap
#   - {ucd: stat.error}
# - name: phot_g_mean_flux_over_error
#   datatype: float32
#   description: G-band mean flux divided by its error
#   meta: !!omap
#   - {ucd: stat.snr;phot.flux;em.opt}
# - name: phot_g_mean_mag
#   unit: mag
#   datatype: float32
#   description: G-band mean magnitude
#   meta: !!omap
#   - {ucd: phot.mag;em.opt}
# - name: phot_bp_mean_flux_over_error
#   datatype: float32
[...]
# - name: logL1e
#   datatype: float64
#   meta: !!omap
#   - {ucd: None}
#   - {utype: None}
# - name: logL2
#   datatype: float64
#   meta: !!omap
#   - {ucd: None}
#   - {utype: None}
# - name: logL2e
#   datatype: float64
#   meta: !!omap
#   - {ucd: None}
#   - {utype: None}
# - name: MoH
#   datatype: float64
#   meta: !!omap
#   - {ucd: None}
#   - {utype: None}
# - name: MoHe
#   datatype: float64
#   meta: !!omap
#   - {ucd: None}
#   - {utype: None}
# - name: ra_2
#   datatype: float64
#   meta: !!omap
#   - {ucd: None}
#   - {utype: None}
# - name: dec_2
#   datatype: float64
#   meta: !!omap
#   - {ucd: None}
#   - {utype: None}
# schema: astropy-2.0
separation_arcsec SOURCE_ID random_index ra dec parallax parallax_error parallax_over_error pmra pmra_error pmdec pmdec_error astrometric_params_solved pseudocolour pseudocolour_error ipd_frac_multi_peak ipd_frac_odd_win ruwe phot_g_mean_flux_over_error phot_g_mean_mag phot_bp_mean_flux_over_error phot_bp_mean_mag phot_rp_mean_flux_over_error phot_rp_mean_mag phot_bp_rp_excess_factor bp_rp radial_velocity radial_velocity_error rv_nb_transits rv_expected_sig_to_noise rv_renormalised_gof rv_chisq_pvalue phot_variable_flag l b in_qso_candidates in_galaxy_candidates non_single_star has_xp_continuous has_xp_sampled has_rvs has_epoch_photometry has_epoch_rv has_mcmc_gspphot has_mcmc_msc in_andromeda_survey teff_gspphot logg_gspphot mh_gspphot distance_gspphot ag_gspphot ebpminrp_gspphot debcat_oid name SpT1 SpT2 Pday Vmag BmV logM1 logM1e logM2 logM2e logR1 logR1e logR2 logR2e logg1 logg1e logg2 logg2e logT1 logT1e logT2 logT2e logL1 logL1e logL2 logL2e MoH MoHe ra_2 dec_2
[from data line 23]
0.11526656307268676 5813087468905224320 1017084528 263.0169424145688 -67.06266285463508 0.06721620997709647 0.10931691 0.6148748 -5.573778345093382 0.072762966 -4.553501058994153 0.09115149 31 "" "" 0 0 0.9950356 1240.2255 18.019638 65.88582 18.330694 57.76416 17.528082 1.2065265 0.8026123 "" "" "" "" "" "" """NOT_AVAILABLE""" 325.5487185598702 -17.589573716927724 False False 0 False False False False False True True False 5703.5903 4.6749 -1.0241 2968.86 0.0186 0.0101 37 """Gaia_DR3_5813087468905224320""" """none""" """none""" 5.296 18.22 0.55 -0.079 0.0033 -0.0998 0.0026 0.1223 0.0025 -0.0013 0.0057 4.55 0.005 4.361 0.011 3.789 0.009 3.785 0.011 0.356 0.035 0.093 0.046 -1.07 0.05 263.0170058333333 -67.0626425
0.5361800144620659 3187988785977092352 1810091364 73.26851060850072 -7.006664571692967 7.497992428756162 0.0181444 413.24002 14.021620995126389 0.018008122 -30.37888090083925 0.013559742 31 "" "" 0 0 1.0257617 471.03323 11.117323 137.44725 11.640983 189.68867 10.427849 1.24205 1.2131338 47.004753 14.527915 28 80.04739 91.14385 0.0 """VARIABLE""" 205.34750120870635 -29.46036985350217 False False 0 True True False True False True True False 5499.631 4.3835 0.0284 131.4299 0.533 0.2828 38 """Tyc_4749-560-1""" """K2_V""" """K4_V""" 1.622 11.24 0.63 -0.0789 0.0019 -0.082 0.0021 -0.0716 0.0026 -0.0794 0.0026 4.503 0.005 4.515 0.005 3.726 0.016 3.708 0.017 -0.278 0.065 -0.365 0.068 -9.99 -9.99 73.26844749999998 -7.006529444444444
0.13706702046374275 2128155371757730816 1717506363 294.4969544828156 46.689672171184476 0.5247740868778668 0.02604244 20.150726 -2.2800029890449203 0.02954727 -8.304980306258527 0.033085577 31 "" "" 0 0 0.99054 2978.3503 15.722247 377.6267 16.131935 635.84753 15.140063 1.2168628 0.99187183 "" "" "" "" "" "" """NOT_AVAILABLE""" 79.54128902829694 12.043229901565061 False False 0 True False False False False True True False 5253.2837 4.3113 -0.6526 1423.8081 0.1059 0.0571 41 """Kepler-35""" """none""" """none""" 20.734 15.96 0.66 -0.0517 0.0025 -0.0918 0.0024 0.0122 0.0008 -0.1045 0.0012 4.3623 0.002 4.5556 0.0016 3.749 0.011 3.716 0.008 -0.027 0.043 -0.387 0.02 -0.34 0.2 294.49696916666664 46.68970888888889
0.13307626445859544 954726772696225536 1639436254 102.8270159002817 47.67335129381096 7.407850832021538 0.017243087 429.61276 4.503472486026758 0.015573545 -7.006801292501398 0.0151556 31 "" "" 0 0 0.9598629 3920.7795 9.928978 1678.4127 10.302445 2225.687 9.385089 1.2087938 0.9173565 "" "" "" "" "" "" """NOT_AVAILABLE""" 168.5858767398824 19.68066035558226 False False 2 True True False False False True True False 5505.7393 4.2536 -0.1088 133.6501 0.0857 0.0458 42 """HS_Aur""" """G8_V""" """K0_V""" 9.815 10.16 0.77 -0.0458 0.0092 -0.056 0.0084 0.0017 0.0104 -0.059 0.0119 4.389 0.023 4.5 0.025 3.728 0.006 3.716 0.006 -0.13 0.03 -0.3 0.03 -9.99 -9.99 102.82698583333331 47.67338222222222
0.43270154616797213 4087847862581712768 547928880 288.89720876073073 -16.57005626378859 3.4573594910131376 0.02197286 157.34682 -0.7976153064797078 0.020458875 -27.003158627336035 0.016156452 31 "" "" 0 0 1.1833253 392.0452 12.68912 138.38072 13.2043495 152.90442 12.008658 1.2389739 1.1956911 "" "" "" "" "" "" """VARIABLE""" 20.630659564246425 -12.695244609608567 False False 0 False False False True False True True False 4871.1616 4.2707 -0.5853 287.8619 0.2097 0.1126 43 """EPIC_219511354""" """K2_V""" """K4_V""" 1.622 13.16 0.94 -0.04 0.0062 -0.0851 0.0085 -0.0362 0.0076 -0.0701 0.0082 4.47 0.016 4.494 0.017 3.702 0.013 3.671 0.012 -0.31 0.053 -0.5 0.052 0.07 0.03 288.8972120833333 -16.56993611111111
0.32225997346669133 1988664351633304320 1541022816 341.2380246785272 49.657576726445875 4.802820809060319 0.018794386 255.5455 13.723284428768256 0.019475965 -14.792941069950277 0.019163437 31 "" "" 0 0 1.4158436 7718.254 10.441349 3615.8682 10.792506 7151.9663 9.916039 1.2076818 0.87646675 "" "" "" "" "" "" """VARIABLE""" 102.87594079617071 -8.22454463781794 False False 2 True True False True False True True False 5846.703 4.0058 -0.5121 201.8445 0.2167 0.117 44 """RW_Lac""" """G5_V""" """G7_V""" 10.369 10.63 0.5 -0.0325 0.0028 -0.0605 0.002 0.0741 0.0015 -0.0159 0.0018 4.257 0.003 4.409 0.004 3.76 0.008 3.745 0.012 0.14 0.03 -0.1 0.05 -0.3 -9.99 341.23793041666664 49.65764222222222
0.653626651802241 3413462508748707968 612506902 72.58598905819666 23.005982439473758 9.99328625929399 0.29936588 33.381516 1.3884062871403038 0.37964672 -40.880355452590976 0.25097942 31 "" "" 0 0 15.716051 993.0759 9.912326 524.80475 10.290416 573.45374 9.349112 1.2190843 0.9413042 -30.505888 10.728883 17 117.385574 57.419106 0.0 """NOT_AVAILABLE""" 177.79672447722777 -13.578176831382677 False False 0 True True False False False False True False "" "" "" "" "" "" 45 """HD_284753""" """none""" """none""" 1.653 10.26 0.73 -0.0297 0.0079 -0.3883 0.0053 0.0245 0.0094 -0.3893 0.0096 4.36 0.018 4.829 0.019 3.753 0.005 3.555 0.012 -9.99 -9.99 -9.99 -9.99 -0.26 0.26 72.58598208333332 23.00616388888889
0.8789058199511255 1866704219775706624 1210811338 314.5558045931608 35.17504196777619 10.204614942713052 0.03907543 261.15167 9.862780267567524 0.04826573 -16.323882003616195 0.05691576 95 1.4612347 0.008202307 0 0 1.8377804 271.2523 11.740244 "" "" "" "" "" "" -0.66625506 1.7497731 9 29.846708 "" "" """NOT_AVAILABLE""" 78.46474504478259 -6.865848876286307 False False 0 False False False False False False False False "" "" "" "" "" "" 46 """CG_Cyg""" """G9_V""" """K3_V""" 0.631 10.08 0.86 -0.0269 0.0055 -0.0915 0.007 -0.0506 0.0063 -0.0757 0.0072 4.512 0.014 4.505 0.016 3.721 0.015 3.674 0.006 -0.26 0.06 -0.51 0.03 -9.99 -9.99 314.55605499999996 35.174908888888886
0.2458981324808276 1866704219781935360 1558924770 314.5560914375339 35.174847419430684 10.239257587456846 0.017010394 601.9412 6.637594820307621 0.01399697 -13.86938844593827 0.0203463 31 "" "" 42 0 1.3569313 369.47943 10.059981 87.04457 10.408613 84.450806 9.266169 1.4004915 1.1424446 "" "" "" "" "" "" """VARIABLE""" 78.46474832263333 -6.866153527943277 False False 0 True True False True False True True False 6015.6567 4.2898 -0.909 97.6231 0.8612 0.4722 46 """CG_Cyg""" """G9_V""" """K3_V""" 0.631 10.08 0.86 -0.0269 0.0055 -0.0915 0.007 -0.0506 0.0063 -0.0757 0.0072 4.512 0.014 4.505 0.016 3.721 0.015 3.674 0.006 -0.26 0.06 -0.51 0.03 -9.99 -9.99 314.55605499999996 35.174908888888886
0.3534431374797669 2077496473024613632 1473176578 294.2790653147436 41.43678197671737 4.07570494455368 0.25892156 15.741079 2.613125618278703 0.3021696 -21.98551923200806 0.3455439 95 1.6254708 0.06151832 42 0 16.053728 460.87277 12.124684 1379.6171 12.489215 1511.8467 11.458543 1.2958335 1.0306721 11.618836 10.575822 14 29.97703 38.045315 0.0 """NOT_AVAILABLE""" 74.71646164787035 9.768289352564887 False False 0 True True False False False True True False 5665.49 4.5894 -0.2208 192.8959 0.3849 0.2069 47 """KIC_6131659""" """none""" """none""" 17.528 12.76 0.92 -0.0259 0.0046 -0.153 0.0049 -0.0443 0.0014 -0.2104 0.0021 4.496 0.005 4.705 0.006 3.716 0.008 3.617 0.05 -9.99 -9.99 -9.99 -9.99 -0.23 0.2 294.2790495833333 41.43687944444444
0.13519214569102497 2107434834610481920 629681400 283.24133370857635 46.378468552457974 2.2516284360235925 0.010601091 212.39592 7.308712383472467 0.012536855 -4.159487947202539 0.01197343 31 "" "" 0 0 1.0143995 5140.2856 13.514039 1296.5759 13.890069 1701.7766 12.967214 1.2094622 0.9228554 -2.9769905 3.1084614 20 10.178894 "" "" """NOT_AVAILABLE""" 76.06711576361393 19.026196160743762 False False 0 True True False False False True True False 5537.6953 4.473 -0.1168 445.4801 0.1186 0.0633 48 """Kepler-453""" """none""" """none""" 27.322 13.7 0.75 -0.025 0.0046 -0.7097 0.0045 -0.0794 0.0057 -0.6676 0.0028 4.571 0.015 5.063 0.005 3.742 0.008 3.509 0.013 -9.99 -9.99 -9.99 -9.99 0.09 0.1 283.24128625 46.37848694444445
0.37821789811818396 185452500254062848 441130765 77.59068918654772 35.79619428295742 5.243185273411968 0.030568631 171.52176 -12.61199720396711 0.042767704 -20.063725279023263 0.025009088 95 1.523481 0.004186949 0 0 1.5824385 1381.8566 10.969794 440.9923 11.336905 633.30597 10.418009 1.2168838 0.9188957 "" "" "" "" "" "" """VARIABLE""" 170.16507825979386 -2.3747519052596946 False False 0 True True False True False True True False 5858.8354 4.2478 -0.3631 184.252 0.3144 0.1699 49 """HP_Aur""" """G2_V""" """K1_V""" 1.423 11.17 0.68 -0.0203 0.0019 -0.0918 0.0019 0.0119 0.0018 -0.1103 0.0019 4.3942 0.004 4.5669 0.0043 3.764 0.009 3.713 0.01 0.036 0.035 -0.414 0.039 -9.99 -9.99 77.59075791666666 35.79628333333333
0.20559361308627944 2052963585465907968 1258827475 290.9189015334728 39.16982022903861 0.4213899364872212 0.011451079 36.79915 -2.951833415969992 0.012270465 -12.545645418099355 0.01358692 31 "" "" 0 0 1.0147105 5888.6694 13.011237 1712.1697 13.603673 2605.599 12.275189 1.2493833 1.3284836 3.511398 2.6050916 23 21.340075 16.285112 2.220446e-16 """NOT_AVAILABLE""" 71.48241396064759 11.02706451922604 False False 0 True True False False False True True False 5102.301 2.9115 -0.1495 2026.456 0.591 0.3144 50 """KIC_4054905""" """none""" """none""" 274.729 13.22 1.04 -0.0203 0.0043 -0.0193 0.0027 0.9224 0.0014 0.4901 0.0013 2.573 0.0026 3.4385 0.0019 3.686 0.006 3.721 0.019 1.542 0.025 0.819 0.081 -0.6 0.02 290.9189183333333 39.16987583333333
0.7500949120248761 2670251536668384128 86108830 330.21924056947506 -3.70329977586142 2.483578476188464 0.017852312 139.11803 45.927008784703276 0.018389283 -9.149535278573795 0.018119564 31 "" "" 0 0 1.0107449 1762.3309 11.762826 458.76254 12.120893 796.9223 11.22846 1.2100723 0.8924322 -74.92323 20.47558 10 30.942348 40.452923 0.0 """NOT_AVAILABLE""" 55.232502220429026 -43.061204833884105 False False 0 True True False False False True True False 5673.2554 4.0951 -0.761 395.5139 0.1515 0.082 51 """Tyc_5227-1023-1""" """none""" """none""" 4.306 11.86 0.55 -0.0195 0.0073 -0.0762 0.0062 0.1424 0.0031 -0.0101 0.0044 4.13 0.01 4.38 0.01 3.803 0.014 3.773 0.016 -9.99 -9.99 -9.99 -9.99 -0.63 0.11 330.2190358333333 -3.703258888888889
0.7769235247608055 2925867722185562752 1456067729 102.89132638458243 -22.190677732783236 10.818791387577328 0.020579861 525.69794 -17.035951776305243 0.013304087 -45.47751265847762 0.020550752 31 "" "" 2 0 1.737713 3249.0276 9.683998 1076.0258 10.111795 1626.651 9.0812025 1.2224286 1.0305929 5.8438516 7.1102333 43 219.09843 222.18434 0.0 """VARIABLE""" 232.89709238475098 -9.890312598491908 False False 0 True True True True False True True False 5069.419 4.2686 -0.3982 92.1502 0.0359 0.0192 52 """Tyc_5962-2159-1""" """G""" """none""" 8.22 9.83 0.83 -0.0195 0.0055 -0.1713 0.0032 -0.0013 0.0017 -0.1612 0.0044 4.421 0.003 4.589 0.009 3.74 0.008 3.599 0.012 -0.09 0.03 -0.96 0.05 0.09 0.13 102.89140791666665 -22.190475555555555
0.17174049125077773 2080506523540902912 829922054 295.2978876543492 46.92042887318971 0.9540335461778522 0.020761576 45.95189 -3.383001115831609 0.026739173 -10.212051895892808 0.024054287 31 "" "" 0 0 0.9985685 2028.8885 15.150087 303.19177 15.528072 652.4476 14.599458 1.2109853 0.9286146 "" "" "" "" "" "" """VARIABLE""" 80.00708309835315 11.661151154837945 False False 0 True False False True False True True False 5580.953 4.4488 -0.1957 961.4878 0.1614 0.0865 53 """Kepler-47""" """none""" """none""" 7.448 15.38 0.85 -0.0191 0.0064 -0.466 0.0038 -0.0287 0.0023 -0.4711 0.0026 4.476 0.005 4.914 0.005 3.751 0.008 3.526 0.013 -0.076 0.035 -1.854 0.062 -0.25 0.08 295.29790958333325 46.920474166666665
0.17273970567187155 4068973783492778624 1315259172 267.183797211332 -22.481645642706496 0.13254123725327754 0.050478604 2.6256914 -6.362955458851232 0.05645752 -8.712332455183645 0.03481304 31 "" "" 0 0 0.99232394 1234.9423 16.142412 112.27991 17.814928 455.86014 14.896952 1.4809539 2.9179764 "" "" "" "" "" "" """NOT_AVAILABLE""" 5.8875358675453215 2.7415037885785623 False False 0 True False False False False True True False 4889.3696 2.7914 -0.0719 2602.6829 3.2283 1.7632 54 """Gaia_DR3_4068973783492778624""" """K2_III""" """K3_III""" 80.586 17.59 1.6 -0.0137 0.0054 -0.0074 0.0053 1.2235 0.0073 1.3436 0.0051 1.978 0.015 1.744 0.009 3.627 0.021 3.611 0.015 1.91 0.08 2.08 0.06 -0.46 0.2 267.18382749999995 -22.481606666666664
0.025018949504611157 4685931400101383552 815907228 12.174612186943964 -73.27179231662588 -0.08049297080208331 0.06558108 -1.227381 0.799653033056117 0.08563621 -1.3240368677538554 0.081402384 31 "" "" 2 0 1.0584892 302.15118 17.510983 55.905582 17.895084 66.37173 16.766115 1.3450375 1.1289692 "" "" "" "" "" "" """VARIABLE""" 303.2052859651228 -43.85500359238706 False False 0 True False False True False True True False 4797.163 4.2913 -4.0211 1936.038 0.1066 0.0587 55 """Gaia_DR3_4685931400101383552""" """G6_III""" """G8_III""" 73.715 17.71 1.03 -0.0132 0.0045 -0.0132 0.0045 1.2014 0.0164 1.3997 0.0052 2.02 0.03 1.63 0.01 3.697 0.009 3.679 0.006 2.149 0.046 2.468 0.028 -0.88 0.09 12.174599583333332 -73.27178638888888
0.9362882851165801 4685931404467083904 1641381266 12.174474497623711 -73.2720439649 "" "" "" "" "" "" "" 3 "" "" 0 28 "" 35.05932 20.836115 "" "" "" "" "" "" "" "" "" "" "" "" """NOT_AVAILABLE""" 303.20533576978556 -43.854751386788735 False False 0 False False False False False False False False "" "" "" "" "" "" 55 """Gaia_DR3_4685931400101383552""" """G6_III""" """G8_III""" 73.715 17.71 1.03 -0.0132 0.0045 -0.0132 0.0045 1.2014 0.0164 1.3997 0.0052 2.02 0.03 1.63 0.01 3.697 0.009 3.679 0.006 2.149 0.046 2.468 0.028 -0.88 0.09 12.174599583333332 -73.27178638888888
0.22945822772080537 2073900004856421120 690939437 298.07889347925635 41.484306288510545 1.3694300872585814 0.010930488 125.285355 11.592940281154831 0.011974028 8.377289941048112 0.0135563165 31 "" "" 0 0 0.98352754 6792.4585 13.3446045 1605.5403 13.7133255 2295.3896 12.808717 1.2059461 0.9046087 -52.06518 5.853443 15 10.952314 "" "" """NOT_AVAILABLE""" 76.14883532616146 7.297703066475764 False False 0 True True False False False True True False 5732.3535 4.1411 -0.0469 675.7871 0.2106 0.1128 56 """KIC_6147573""" """none""" """none""" 25.837 13.5 0.66 -0.0088 0.0044 -0.0088 0.0044 0.0056 0.0021 0.003 0.0022 4.417 0.003 4.422 0.003 3.757 0.008 3.756 0.008 -0.01 0.05 -0.02 0.05 -9.99 -9.99 298.0788245833333 41.48426888888889
0.21443921281017184 2086643104093265792 1602948630 296.82596207824366 48.443361084708336 2.6248686595511077 0.022990089 114.17392 12.409107124029266 0.028482571 4.980665983347317 0.027222902 31 "" "" 25 0 2.0800862 3857.7769 10.756793 1706.0109 11.008769 3594.5593 10.329618 1.1988677 0.6791506 "" "" "" "" "" "" """NOT_AVAILABLE""" 81.87188679073765 11.462204372118292 False False 0 True True False False False True True False 6482.3403 3.9952 -0.1661 386.0669 0.1829 0.0986 58 """KIC_10987439""" """F3_V""" """none""" 10.675 10.69 9.62 -0.0059 0.0015 0.1527 0.0014 -0.0306 0.007 0.1796 0.0089 4.493 0.014 4.232 0.018 3.71 0.018 3.812 0.006 -9.99 -9.99 0.55 0.03 -9.99 -9.99 296.82587875 48.44333888888889
0.21671595743324376 2106887209100717440 169008070 283.4340174255481 44.98966603662567 1.0839132085483616 0.012593196 86.071335 -6.750575064738348 0.015613161 -11.80705500063673 0.015222554 31 "" "" 0 0 0.9615402 1500.8201 13.773669 474.50818 14.1251335 435.3079 13.251763 1.2053956 0.8733702 34.896034 10.028788 15 6.691076 "" "" """NOT_AVAILABLE""" 74.73768936592477 18.424787449145295 False False 0 True True False False False True True False 5718.3887 4.0559 -0.2833 882.2719 0.1525 0.0821 59 """KIC_8736245""" """G2_V""" """none""" 5.069 13.95 0.71 -0.0057 0.004 -0.1068 0.005 0.1176 0.002 -0.0947 0.0022 4.197 0.006 4.521 0.008 3.764 0.009 3.702 0.011 -9.99 -9.99 -9.99 -9.99 -9.99 -9.99 283.4340595833333 44.989718333333336
