data/sp_final_with_jd_min.ecsv
# %ECSV 1.0
# ---
# datatype:
# - {name: separation_arcsec, datatype: float64}
# - name: SOURCE_ID
#   datatype: int64
#   description: Unique source identifier (unique within a particular Data Release)
#   meta: !!omap
#   - {ucd: meta.id}
# - name: random_index
#   datatype: int64
#   description: Random index for use when selecting subsets
#   meta: !!omap
#   - {ucd: meta.code}
# - name: ra
#   unit: deg
#   datatype: float64
#   description: Right ascension
#   meta: !!omap
#   - {ucd: pos.eq.ra;meta.main}
#   - {utype: Char.SpatialAxis.Coverage.Location.Coord.Position2D.Value2.C1}
# - name: dec
#   unit: deg
#   datatype: float64
#   description: Declination
#   meta: !!omap
#   - {ucd: pos.eq.dec;meta.main}
#   - {utype: Char.SpatialAxis.Coverage.Location.Coord.Position2D.Value2.C2}
# - name: parallax
#   unit: mas
#   datatype: float64
#   description: Parallax
#   meta: !!omap
#   - {ucd: pos.parallax.trig}
# - name: parallax_error
#   unit: mas
#   datatype: float32
#   description: Standard error of parallax
#   meta: !!omap
#   - {ucd: stat.error;pos.parallax.trig}
# - name: parallax_over_error
#   datatype: float32
#   description: Parallax divided by its standard error
#   meta: !!omap
#   - {ucd: stat.snr;pos.parallax.trig}
# - name: pmra
#   unit: mas / yr
#   datatype: float64
#   description: Proper motion in right ascension direction
#   meta: !!omap
#   - {ucd: pos.pm;pos.eq.ra}
# - name: pmra_error
#   unit: mas / yr
#   datatype: float32
#   description: Standard error of proper motion in right ascension direction
#   meta: !!omap
#   - {ucd: stat.error;pos.pm;pos.eq.ra}
# - name: pmdec
#   unit: mas / yr
#   datatype: float64
#   description: Proper motion in declination direction
#   meta: !!omap
#   - {ucd: pos.pm;pos.eq.dec}
# - name: pmdec_error
#   unit: mas / yr
#   datatype: float32
#   description: Standard error of proper motion in declination direction
#   meta: !!omap
#   - {ucd: stat.error;pos.pm;pos.eq.dec}
# - name: astrometric_params_solved
#   datatype: int16
#   description: Which parameters have been solved for?
#   meta: !!omap
#   - {ucd: meta.number}
# - name: pseudocolour
#   unit: 1 / um
#   datatype: float32
#   description: Astrometrically estimated pseudocolour of the source
#   meta: !!omap
#   - {ucd: em.wavenumber}
# - name: pseudocolour_error
#   unit: 1 / um
#   datatype: float32
#   description: Standard error of the pseudocolour of the source
#   meta: !!omap
#   - {ucd: stat.error;em.wavenumber}
# - name: ipd_frac_multi_peak
#   datatype: int16
#   description: Percent of successful-IPD windows with more than one peak
#   meta: !!omap
#   - {ucd: stat.value}
# - name: ipd_frac_odd_win
#   datatype: int16
#   description: Percent of transits with truncated windows or multiple gate
#   meta: !!omap
#   - {ucd: stat.value}
# - name: ruwe
#   datatype: float32
#   description: Renormalised unit weight error
#   meta: !!omap
#   - {ucd: stat.error}
# - name: phot_g_mean_flux_over_error
#   datatype: float32
#   description: G-band mean flux divided by its error
#   meta: !!omap
#   - {ucd: stat.snr;phot.flux;em.opt}
# - name: phot_g_mean_mag
#   unit: mag
#   datatype: float32
#   description: G-band mean magnitude
#   meta: !!omap
#   - {ucd: phot.mag;em.opt}
# - name: phot_bp_mean_flux_over_error
#   datatype: float32
[...]
#   - {utype: None}
# - name: L2
#   datatype: float64
#   meta: !!omap
#   - {ucd: None}
#   - {utype: None}
# - name: L3
#   datatype: int64
#   meta: !!omap
#   - {ucd: None}
#   - {utype: None}
# - name: d
#   datatype: float64
#   meta: !!omap
#   - {ucd: None}
#   - {utype: None}
# - name: Age
#   datatype: float64
#   meta: !!omap
#   - {ucd: None}
#   - {utype: None}
# - name: Spots
#   datatype: int64
#   meta: !!omap
#   - {ucd: None}
#   - {utype: None}
# - name: ra_2
#   datatype: float64
#   meta: !!omap
#   - {ucd: None}
#   - {utype: None}
# - name: dec_2
#   datatype: float64
#   meta: !!omap
#   - {ucd: None}
#   - {utype: None}
# - {name: jd_min, datatype: string, subtype: json}
# schema: astropy-2.0
separation_arcsec SOURCE_ID random_index ra dec parallax parallax_error parallax_over_error pmra pmra_error pmdec pmdec_error astrometric_params_solved pseudocolour pseudocolour_error ipd_frac_multi_peak ipd_frac_odd_win ruwe phot_g_mean_flux_over_error phot_g_mean_mag phot_bp_mean_flux_over_error phot_bp_mean_mag phot_rp_mean_flux_over_error phot_rp_mean_mag phot_bp_rp_excess_factor bp_rp radial_velocity radial_velocity_error rv_nb_transits rv_expected_sig_to_noise rv_renormalised_gof rv_chisq_pvalue phot_variable_flag l b in_qso_candidates in_galaxy_candidates non_single_star has_xp_continuous has_xp_sampled has_rvs has_epoch_photometry has_epoch_rv has_mcmc_gspphot has_mcmc_msc in_andromeda_survey teff_gspphot logg_gspphot mh_gspphot distance_gspphot ag_gspphot ebpminrp_gspphot my_table_oid name Bibcode Type ET P dPdt Pc BibcodeP Solver q QT i a Omega f r1p r2p T1 T2 M1 M2 R1 R2 L1 L2 L3 d Age Spots ra_2 dec_2 jd_min
[from data line 23]
0.2511745135060306 1800400576239988224 1044224355 324.70584005721787 26.692779439285594 6.696232344612121 0.025296723 264.7075 8.822862152264992 0.022874933 -12.963979663305356 0.016640674 31 "" "" 0 0 1.6663352 118.597046 11.015691 39.194508 11.367433 42.292717 10.37996 1.2805024 0.98747253 "" "" "" "" "" "" """VARIABLE""" 78.19007772220931 -19.004076714621394 False False 0 True True False True False False True False "" "" "" "" "" "" 33 """BX Peg""" """2015NewA...41...17L""" """W""" 1 0.280422 -0.017885 57.8 """""" """WD""" 0.376 """SP""" 87.0 2.017 2.588271 0.175006 0.445462 0.285935 5300 5887 1.02 0.38 0.966 0.623 0.658 0.324 0 "" 7.751 1 324.7057958333333 26.692836944444444 4589.567499999888
0.5832048528652004 380329082164174848 1425346183 5.1272088917434875 40.22589960439271 4.93993405755595 0.016657507 296.55905 -8.491167690024719 0.012439886 -35.51255276264778 0.008170921 31 "" "" 0 0 1.0012897 206.4654 9.658255 67.659836 9.919838 79.58374 9.243492 1.1867108 0.6763458 "" "" "" "" "" "" """VARIABLE""" 116.55898305947825 -22.262813911890888 False False 0 True True False True False True True True 6287.7573 4.0404 0.0601 201.0666 0.0298 0.016 36 """CN And""" """2019RAA....19...10Y""" """A""" 0 0.4627894 -0.01296 37.0 """""" """WD""" 0.387 """SP""" 67.8 3.14 2.651 0.001956 0.435504 0.280117 6350 5732 1.4 0.55 1.45 0.94 3.41 0.93 0 201.0 6.052 1 5.127257916666665 40.226057222222224 4589.567499999888
0.12274017575783427 4871145409392265088 23659673 67.35335169667594 -33.57620766355687 2.6064704652677615 0.01586317 164.30954 7.655464143242221 0.015330107 -0.35701643056785715 0.0197815 31 "" "" 1 0 1.148927 121.59919 10.283531 40.19508 10.466856 41.811028 9.9749565 1.1718444 0.4918995 25.304562 12.860421 24 100.51994 73.780945 0.0 """VARIABLE""" 234.75285921826512 -43.06537591444607 False False 0 True True True True False False True False "" "" "" "" "" "" 38 """CT Eri""" """2011MNRAS.412.1787D""" """A""" 0 0.634196 "" "" """""" """WD""" 0.3 """SP""" 69.4 3.987 2.337 0.690826 0.483806 0.292082 6881 5086 1.623 0.487 2.093 1.3 8.801 1.013 0 "" 4.911 0 67.35331083333332 -33.57620583333334 4589.567499999888
0.17041098768556837 6301100722726138112 1695496960 212.36433383101124 -15.58157795095467 2.5523747288505527 0.016725618 152.60272 -4.769594140620409 0.018057179 9.547709278867218 0.015797239 31 "" "" 0 0 1.1021513 80.57024 10.391477 30.953611 10.598843 32.906784 9.918699 1.2497458 0.68014336 "" "" "" "" "" "" """VARIABLE""" 329.15034174065215 43.28294620013348 False False 0 True True False True False False True False "" "" "" "" "" "" 39 """CX Vir""" """2010AcA....60..305S""" """A""" 1 0.74608003 "" "" """""" """WD""" 0.343 """SP""" 83.33 4.584 2.5146 0.211586 0.454073 0.280404 6450 4694 1.731 0.594 2.24 1.39 7.78 0.84 1 "" 7.57 1 212.36435583333332 -15.581620277777777 4589.567499999888
0.559723012157159 1950492606448789120 1644719135 323.7609682754047 34.59585281578807 2.586526192329709 0.03134754 82.5113 -28.517351879888547 0.021556636 -20.33404384715255 0.025910148 31 "" "" 0 0 1.9735271 152.31906 10.583573 53.23021 10.746319 53.690678 10.223676 1.2106384 0.5226431 "" "" "" "" "" "" """VARIABLE""" 83.29423370653163 -12.755379816231384 False False 0 True True False True False False True False "" "" "" "" "" "" 40 """DK Cyg""" """2015AJ....149..194L""" """A""" 1 0.470690658 0.008631 78.1 """""" """WD""" 0.307 """SP""" 82.75 3.4 2.396 0.448098 0.472059 0.282393 7500 7011 1.82 0.56 1.74 1.05 8.5 2.4 0 366.0 2.676 1 323.7611220833333 34.59594305555556 4589.567499999888
0.073078390495649 3728971527866756096 1566337035 207.92517582056655 14.301671766764601 2.2068352611718924 0.021382533 103.20738 -0.6966968650659895 0.024707021 4.481688702622521 0.016417924 31 "" "" 0 0 0.98920184 250.4594 11.11859 80.668304 11.328224 86.06847 10.740514 1.1941518 0.5877104 "" "" "" "" "" "" """VARIABLE""" 353.54216710984633 70.97988620271263 False False 0 True True False True False True True False 6441.672 4.0409 -0.3367 444.3475 0.0031 0.0017 41 """DN Boo""" """2008NewA...13..468S""" """A""" 0 0.447568 "" "" """""" """WD""" 0.103 """SP""" 60.02 2.863 1.925 0.644197 0.545089 0.207125 6095 6071 1.428 0.148 1.71 0.67 3.75 0.56 0 "" 4.616 0 207.92517875 14.301651666666668 4589.567499999888
0.33386580261111415 500972789364298112 1502266580 70.6924194671246 72.97824463275433 6.388512548320101 0.0203758 313.53433 -16.98746360348389 0.014792413 -12.20285359151422 0.019892829 31 "" "" 0 0 0.95099026 131.50275 8.317781 42.139454 8.490841 44.31316 8.005604 1.1795217 0.48523712 "" "" "" "" "" "" """VARIABLE""" 137.9744132889928 17.295810144395187 False False 6 True True False True False False True False "" "" "" "" "" "" 42 """DN Cam""" """2004AcA....54..195B""" """W""" 0 0.4983092 "" "" """""" """WD""" 0.442 """SP""" 73.1 3.668 2.632301 0.49071 0.448712 0.316049 6530 6700 1.849 0.818 1.775 1.224 5.143 2.711 0 "" 2.426 0 70.69267708333334 72.97829861111111 4589.567499999888
0.27072421609298336 1491982032729435520 12993865 215.5738781256331 41.45053626135794 2.799411430753683 0.015538253 180.16257 9.701689246311613 0.011961165 -13.84603087984763 0.015151655 31 "" "" 0 0 0.9628971 199.57172 8.691793 63.160263 8.820705 66.63922 8.435709 1.1769279 0.3849964 "" "" "" "" "" "" """VARIABLE""" 76.35194036209778 66.5175709403136 False False 2 True True False True False True True False 7409.365 3.6751 -0.0029 354.9135 0.0024 0.0013 43 """DU Boo""" """2013AJ....145...80D""" """A""" 1 1.055885 "" "" """""" """DC""" 0.234 """SP""" 81.0 5.97 2.24 0.508353 0.49259 0.262957 7850 7610 2.08 0.487 3.19 1.74 34.694 9.116 1 "" 1.028 1 215.57382041666665 41.45059777777778 4589.567499999888
0.7187330128621667 6485801565043224448 1767283370 359.33978228374684 -64.2434214089366 6.356793627421925 0.011057277 574.89685 10.663170314714042 0.01081161 -43.56855784193676 0.011515339 31 "" "" 0 0 0.8912049 205.24226 9.514597 66.442116 9.78269 73.412636 9.087765 1.1901984 0.6949253 31.923231 12.280538 23 154.12146 84.31338 0.0 """VARIABLE""" 312.4037313530707 -51.878866222744286 False False 0 True True True True False True True False 6249.874 4.1954 0.0458 156.9855 0.0256 0.0137 44 """DX Tuc""" """2007A&A...465..943S""" """A""" 0 0.3771101 "" "" """""" """WD""" 0.29 """SP""" 62.3 2.53 2.408 0.198791 0.466166 0.266837 6250 6182 1.0 0.3 1.2 0.71 1.97 0.66 0 128.0 5.083 1 359.33967291666664 -64.2432275 4589.567499999888
0.24080568302734373 5158131859934912640 1712367210 39.63818321237844 -14.299077870789013 5.350912704657549 0.014114068 379.1191 -14.855229719779022 0.014624752 2.5964967540858077 0.013977272 31 "" "" 0 0 0.90705115 101.81333 9.62455 33.79602 9.897585 34.660873 9.246015 1.1604909 0.6515703 "" "" "" "" "" "" """VARIABLE""" 191.12800186599503 -61.95092998933811 False False 4 True True False True False True True False 6313.426 4.1281 -0.0678 186.1283 0.0009 0.0005 45 """DY Cet""" """2011MNRAS.412.1787D""" """A""" 0 0.44079 "" "" """""" """WD""" 0.356 """SP""" 82.48 3.046 2.529 0.264273 0.453558 0.285828 6650 6611 1.436 0.511 1.48 0.938 3.84 1.507 0 "" 3.645 0 39.638251249999996 -14.299089166666667 4589.567499999888
0.2708346208799714 2802651432644974080 1619564179 9.116374966881764 21.53743787415582 3.1255751706627284 0.024684303 126.62198 -7.732709059391173 0.029649684 15.027453467277553 0.017150942 31 "" "" 0 0 1.2891264 166.24585 10.995202 55.48914 11.231766 57.68345 10.553141 1.2157006 0.6786251 -25.58378 5.4561996 25 71.273315 10.034441 0.0 """VARIABLE""" 118.3027594199043 -41.199696650045865 False False 2 True True False True False True True False 6244.2427 4.129 -0.1757 315.7779 0.0052 0.0028 46 """DZ Psc""" """2013AJ....146...35Y""" """A""" 1 0.36613159 0.064109 11.89 """""" """WD""" 0.136 """SP""" 78.01 2.49 1.9808 0.95072 0.537345 0.236277 6210 6124 1.37 0.19 1.46 0.67 2.846 0.567 0 "" 4.836 1 9.116411666666664 21.537370833333334 4589.567499999888
0.9053517035396809 20743528104253056 636725032 42.468124872390106 8.938064531634183 6.867073865899 0.019594748 350.4548 54.999367214958454 0.019881187 -13.029936604781934 0.017851586 31 "" "" 0 0 1.188946 107.884224 9.442709 35.87668 9.697823 34.17822 9.009263 1.2008214 0.68855953 "" "" "" "" "" "" """VARIABLE""" 165.57896027485427 -43.91043577418652 False False 4 False False False True False True True False 6025.536 4.0432 -0.4509 144.9044 0.0046 0.0025 47 """EE Cet""" """2011MNRAS.412.1787D""" """W""" 0 0.379925 "" "" """""" """WD""" 0.315 """SP""" 63.5 0.948 2.456522 0.21834 0.46075 0.274057 5989 6250 1.808 0.569 1.456 0.864 2.445 1.02 1 "" 2.679 0 42.46787708333332 8.938122222222223 4589.567499999888
0.80938558175469 1603817861516048640 1508808190 218.12701499184007 50.82779608567523 6.213747982515712 0.0133014545 467.148 -32.54603648185979 0.011758215 -38.808416216568375 0.013906179 31 "" "" 1 0 1.0662212 132.57982 9.385025 43.42396 9.635115 43.481464 8.949857 1.2044771 0.6852579 "" "" "" "" "" "" """VARIABLE""" 90.81323550596852 59.52838519843189 False False 0 True True False True False False True False "" "" "" "" "" "" 48 """EF Boo""" """2005AcA....55..123G""" """W""" 0 0.4205144 0.022663 "" """2017NewA...55...13Y""" """WD""" 0.534 """SP""" 75.7 3.136 2.862908 0.248056 0.421859 0.318643 6425 6450 1.547 0.792 1.431 1.064 3.084 1.731 0 "" 2.712 0 218.12724374999996 50.82796833333334 4589.567499999888
0.5167121611917967 2260078831302085504 1642285843 271.37667445336365 69.75426901810162 3.480933150154165 0.014180248 245.4776 -21.786016592038067 0.017319571 -23.90162937288812 0.019159256 31 "" "" 13 0 1.054933 128.25903 10.841961 36.63566 11.089098 45.31176 10.28854 1.2783613 0.8005581 "" "" "" "" "" "" """VARIABLE""" 100.051815850938 29.282897474042844 False False 0 True True False True False True True False 5735.64 3.8515 -0.9349 286.7989 0.0464 0.0252 49 """EF Dra""" """2012RAA....12..419Y""" """A""" 1 0.42402845 0.032141 17.2 """""" """WD""" 0.16 """SP""" 77.8 3.045 2.0818 0.467413 0.515573 0.232624 6250 6186 1.815 0.29 1.702 0.777 3.961 0.793 1 "" 4.377 0 271.3769541666666 69.754375 4589.567499999888
0.16410260506328078 2436283197513649664 109944199 356.82639312538606 -8.086692822751383 2.945563754479862 0.02639718 111.5863 -10.320444480309718 0.03752443 0.07239762718041493 0.023020541 95 1.6062475 0.005095614 0 0 1.0005293 142.91241 10.466248 45.197918 10.6759815 45.714703 10.076152 1.2007351 0.5998297 "" "" "" "" "" "" """VARIABLE""" 81.39684406918454 -65.64502178678715 False False 4 False False False True False True True False 6770.6045 4.1753 0.4444 334.2585 0.0019 0.001 50 """EL Aqr""" """2004Ap&SS.291...21W""" """A""" 0 0.4814106 "" "" """""" """WD""" 0.203 """SP""" 70.84 3.196 2.183 0.441778 0.499649 0.249323 6909 6707 1.57 0.32 "" "" "" "" 0 "" "" 0 356.82643916666666 -8.086693055555557 4589.567499999888
0.3348597330457581 6315179659882472704 916691459 229.20262028460374 -13.03920509035326 6.808825155753691 0.024301121 280.18564 20.86502895988827 0.030762518 -1.2972391348978998 0.021549787 31 "" "" 0 0 1.0302018 122.53717 7.2213526 38.390686 7.33334 40.141262 7.0066867 1.1670998 0.32665348 "" "" "" "" "" "" """VARIABLE""" 348.8763393245749 36.548840744765755 False False 0 True True False True False True True False 7736.9253 3.7823 -0.6691 146.106 0.1092 0.0584 53 """ES Lib""" """2014PASP..126..121C""" """A""" 0 0.88304093 "" "" """""" """WD""" 0.422 """SP""" 70.08 5.753 2.6842 0.150793 0.435316 0.293973 8500 5774 2.3 0.97 2.69 1.83 33.9 3.35 0 "" 3.883 1 229.20252499999998 -13.039199166666666 4589.567499999888
0.6028593254714089 3889936491119648256 1701267502 158.35727580917933 17.574257595501894 9.425206481199021 0.019545546 482.21762 -37.1582782900823 0.022019746 -6.64035707454652 0.018280707 31 "" "" 1 0 1.0719243 337.39383 9.356111 107.97387 9.705851 108.87532 8.840159 1.2025065 0.8656912 "" "" "" "" "" "" """VARIABLE""" 222.34415017411845 56.81327488229012 False False 0 False False False True False True True False 5789.5938 4.1468 -0.283 105.7441 0.1105 0.0592 54 """ET Leo""" """2006AcA....56..127G""" """W""" 0 0.34650349 "" "" """""" """WD""" 0.342 """SP""" 36.6 2.671 2.44186 0.546359 0.468994 0.29634 5112 5500 1.586 0.542 1.359 0.835 1.115 0.564 0 "" 4.467 1 158.35744874999997 17.574286944444445 4589.567499999888
0.7475487176316253 3982399779723342336 418648251 161.2780846870238 16.337523191005822 10.298206688044115 0.02519556 408.73102 -28.45444992071756 0.028580511 -37.101941015163426 0.029714849 31 "" "" 0 0 0.8755526 229.6262 8.128621 77.737236 8.367858 55.26448 7.7502704 1.1782217 0.61758757 "" "" "" "" "" "" """VARIABLE""" 226.62170759696818 58.85155140387071 False False 0 True True False True False True True False 6267.108 4.1013 -0.2657 96.7316 0.0008 0.0004 55 """EX Leo""" """2010MNRAS.408..464Z""" """A""" 0 0.40860257 "" "" """""" """WD""" 0.2 """SP""" 60.8 2.862 2.186 0.366233 0.498259 0.245451 6340 6110 1.573 0.313 1.56 0.734 3.474 0.663 0 "" 5.17 1 161.27821624999999 16.337688055555553 4589.567499999888
0.40077062751329506 5689693157269867776 1744413471 141.67097144982097 -13.751763502956935 4.093300936252142 0.04245992 96.40388 -24.867049476448308 0.042214192 3.4228552665676664 0.033052366 31 "" "" 17 0 2.733887 116.99086 10.525766 37.937023 10.865244 40.362724 10.024736 1.1982571 0.8405075 "" "" "" "" "" "" """VARIABLE""" 245.80626120113226 25.685100645394375 False False 0 True True False True False True True False 5608.097 4.0954 -0.4454 242.7628 0.0128 0.0069 56 """EZ Hya""" """2004PASP..116..826Y""" """W""" 1 0.44974752 "" 30.9 """""" """WD""" 0.257 """SP""" 83.3 2.98 2.3137 0.34262 0.480299 0.263532 5721 6100 1.37 0.35 1.54 0.85 2.281 0.898 0 "" 3.152 0 141.67108499999998 -13.751778611111112 4589.567499999888
0.9464566724542297 1595631104093744256 1131075786 230.52458598811654 51.182230379743224 8.279816666118919 0.010912834 758.72284 -38.317638168557274 0.0112042045 45.07439766416592 0.01334643 31 "" "" 0 0 0.9612245 472.3309 9.383437 153.9146 9.735738 172.22995 8.859338 1.2063686 0.8764 "" "" "" "" "" "" """VARIABLE""" 83.58346435963433 52.8347327455594 False False 0 True True False True False True True False 5725.903 4.0675 -0.1428 120.5009 0.1359 0.0729 58 """FI Boo""" """2013AJ....146..157C""" """W""" 0 0.389998 0.014267 "" """""" """PHOEBE""" 0.373 """SP""" 38.05 2.55 2.511194 0.487448 0.460352 0.300875 5420 5746 1.07 0.4 1.28 0.85 1.27 0.71 1 5.83 4.101 0 230.52485749999997 51.18203 4589.567499999888
0.4549125664405614 1131545078714444032 1725957187 140.74178194945745 77.2195844311223 4.5012170161137615 0.01604388 280.55664 -3.703728347824839 0.017007716 -28.22409284744935 0.016953722 31 "" "" 0 0 1.0294914 129.54443 8.691764 42.82545 8.865041 42.5179 8.3486805 1.1956007 0.5163603 "" "" "" "" "" "" """VARIABLE""" 135.1547344881131 34.44247777601087 False False 4 True True False True False True True False 6650.0034 3.8064 -0.7301 217.8563 0.0753 0.0408 59 """FN Cam""" """2002IBVS.5258....1P""" """W""" 0 0.677132 0.037843 "" """2018NewA...62...20H""" """WD""" 0.222 """SP""" 71.2 4.644 2.162589 0.88 0.508973 0.274338 6700 6848 2.4 0.53 "" "" "" "" 0 "" "" 0 140.74185624999998 77.21970972222222 4589.567499999888
