data/sp_final_with_jd_min.ecsv
# %ECSV 1.0
# ---
# datatype:
# - {name: separation_arcsec, datatype: float64}
# - name: SOURCE_ID
#   datatype: int64
#   description: Unique source identifier (unique within a particular Data Release)
#   meta: !!omap
#   - {ucd: meta.id}
# - name: random_index
#   datatype: int64
#   description: Random index for use when selecting subsets
#   meta: !!omap
#   - {ucd: meta.code}
# - name: ra
#   unit: deg
#   datatype: float64
#   description: Right ascension
#   meta: !!omap
#   - {ucd: pos.eq.ra;meta.main}
#   - {utype: Char.SpatialAxis.Coverage.Location.Coord.Position2D.Value2.C1}
# - name: dec
#   unit: deg
#   datatype: float64
#   description: Declination
#   meta: !!omap
#   - {ucd: pos.eq.dec;meta.main}
#   - {utype: Char.SpatialAxis.Coverage.Location.Coord.Position2D.Value2.C2}
# - name: parallax
#   unit: mas
#   datatype: float64
#   description: Parallax
#   meta: !!omap
#   - {ucd: pos.parallax.trig}
# - name: parallax_error
#   unit: mas
#   datatype: float32
#   description: Standard error of parallax
#   meta: !!omap
#   - {ucd: stat.error;pos.parallax.trig}
# - name: parallax_over_error
#   datatype: float32
#   description: Parallax divided by its standard error
#   meta: !!omap
#   - {ucd: stat.snr;pos.parallax.trig}
# - name: pmra
#   unit: mas / yr
#   datatype: float64
#   description: Proper motion in right ascension direction
#   meta: !!omap
#   - {ucd: pos.pm;pos.eq.ra}
# - name: pmra_error
#   unit: mas / yr
#   datatype: float32
#   description: Standard error of proper motion in right ascension direction
#   meta: !!omap
#   - {ucd: stat.error;pos.pm;pos.eq.ra}
# - name: pmdec
#   unit: mas / yr
#   datatype: float64
#   description: Proper motion in declination direction
#   meta: !!omap
#   - {ucd: pos.pm;pos.eq.dec}
# - name: pmdec_error
#   unit: mas / yr
#   datatype: float32
#   description: Standard error of proper motion in declination direction
#   meta: !!omap
#   - {ucd: stat.error;pos.pm;pos.eq.dec}
# - name: astrometric_params_solved
#   datatype: int16
#   description: Which parameters have been solved for?
#   meta: !!omap
#   - {ucd: meta.number}
# - name: pseudocolour
#   unit: 1 / um
#   datatype: float32
#   description: Astrometrically estimated pseudocolour of the source
#   meta: !!omap
#   - {ucd: em.wavenumber}
# - name: pseudocolour_error
#   unit: 1 / um
#   datatype: float32
#   description: Standard error of the pseudocolour of the source
#   meta: !!omap
#   - {ucd: stat.error;em.wavenumber}
# - name: ipd_frac_multi_peak
#   datatype: int16
#   description: Percent of successful-IPD windows with more than one peak
#   meta: !!omap
#   - {ucd: stat.value}
# - name: ipd_frac_odd_win
#   datatype: int16
#   description: Percent of transits with truncated windows or multiple gate
#   meta: !!omap
#   - {ucd: stat.value}
# - name: ruwe
#   datatype: float32
#   description: Renormalised unit weight error
#   meta: !!omap
#   - {ucd: stat.error}
# - name: phot_g_mean_flux_over_error
#   datatype: float32
#   description: G-band mean flux divided by its error
#   meta: !!omap
#   - {ucd: stat.snr;phot.flux;em.opt}
# - name: phot_g_mean_mag
#   unit: mag
#   datatype: float32
#   description: G-band mean magnitude
#   meta: !!omap
#   - {ucd: phot.mag;em.opt}
# - name: phot_bp_mean_flux_over_error
#   datatype: float32
[...]
#   - {utype: None}
# - name: L2
#   datatype: float64
#   meta: !!omap
#   - {ucd: None}
#   - {utype: None}
# - name: L3
#   datatype: int64
#   meta: !!omap
#   - {ucd: None}
#   - {utype: None}
# - name: d
#   datatype: float64
#   meta: !!omap
#   - {ucd: None}
#   - {utype: None}
# - name: Age
#   datatype: float64
#   meta: !!omap
#   - {ucd: None}
#   - {utype: None}
# - name: Spots
#   datatype: int64
#   meta: !!omap
#   - {ucd: None}
#   - {utype: None}
# - name: ra_2
#   datatype: float64
#   meta: !!omap
#   - {ucd: None}
#   - {utype: None}
# - name: dec_2
#   datatype: float64
#   meta: !!omap
#   - {ucd: None}
#   - {utype: None}
# - {name: jd_min, datatype: string, subtype: json}
# schema: astropy-2.0
separation_arcsec SOURCE_ID random_index ra dec parallax parallax_error parallax_over_error pmra pmra_error pmdec pmdec_error astrometric_params_solved pseudocolour pseudocolour_error ipd_frac_multi_peak ipd_frac_odd_win ruwe phot_g_mean_flux_over_error phot_g_mean_mag phot_bp_mean_flux_over_error phot_bp_mean_mag phot_rp_mean_flux_over_error phot_rp_mean_mag phot_bp_rp_excess_factor bp_rp radial_velocity radial_velocity_error rv_nb_transits rv_expected_sig_to_noise rv_renormalised_gof rv_chisq_pvalue phot_variable_flag l b in_qso_candidates in_galaxy_candidates non_single_star has_xp_continuous has_xp_sampled has_rvs has_epoch_photometry has_epoch_rv has_mcmc_gspphot has_mcmc_msc in_andromeda_survey teff_gspphot logg_gspphot mh_gspphot distance_gspphot ag_gspphot ebpminrp_gspphot my_table_oid name Bibcode Type ET P dPdt Pc BibcodeP Solver q QT i a Omega f r1p r2p T1 T2 M1 M2 R1 R2 L1 L2 L3 d Age Spots ra_2 dec_2 jd_min
[from data line 67]
0.13044389129400283 796029174219793536 421549814 147.45132348877235 34.45424823599873 2.7742843444312233 0.02073495 133.79749 -1.130687630339103 0.018528314 -8.124838555209466 0.014722191 31 "" "" 0 0 1.034608 112.532486 11.44999 34.51948 11.689907 36.6962 10.970502 1.2360843 0.7194052 "" "" "" "" "" "" """VARIABLE""" 190.73959936128665 50.64057785130772 False False 0 True True False True False True True False 6103.222 4.1071 -0.3324 353.9183 0.0024 0.0013 91 """RT LMi""" """2010MNRAS.408..464Z""" """W""" 1 0.3749173 "" 46.7 """2008PASJ...60...77Q""" """WD""" 0.382 """SP""" 83.2 2.654 2.575 0.282813 0.449129 0.292451 6200 6350 1.307 0.479 1.293 0.806 2.182 0.933 0 "" 3.695 0 147.45132916666662 34.45428416666667 4589.567499999888
0.30133081497482406 3958901639985988096 820564839 188.77115788839194 23.337184396075333 4.801771031095775 0.039443314 121.73853 15.80263289066291 0.029871764 -10.246878898018108 0.03870514 95 1.5798494 0.0057918546 0 0 1.2795281 74.65569 10.5773115 23.814495 10.892222 25.352703 10.130084 1.178113 0.76213837 "" "" "" "" "" "" """VARIABLE""" 257.75253340536557 84.70474639958871 False False 4 False False False True False True True False 6044.7754 4.2374 -0.1646 206.6624 0.0007 0.0004 94 """RZ Com""" """2019IBVS.6266....1N""" """W""" 1 0.3385075 0.003335 "" """""" """WD""" 0.46 """SP""" 86.8 2.49 2.75069 0.171163 0.429544 0.30195 5257 5420 1.249 0.573 1.15 0.82 1.63 0.93 1 203.1 4.392 1 188.77108125 23.337229722222222 4589.567499999888
0.4259316888090808 3410404320237268096 834534707 69.15680143369137 18.75491145336801 4.567899193343694 0.01926026 237.16705 -25.768091216748047 0.022576395 -6.964765769201423 0.015923338 31 "" "" 4 0 1.0730556 101.36153 10.26044 33.39693 10.616871 34.70119 9.693329 1.2319422 0.923542 "" "" "" "" "" "" """VARIABLE""" 179.21352397577184 -18.724000774964907 False False 4 True True False True False True True False 6614.0864 4.0438 -0.9769 217.3764 0.6574 0.3585 95 """RZ Tau""" """2003AJ....126.1960Y""" """A""" 1 0.41567758 0.008355 60.0 """""" """WD""" 0.376 """SP""" 83.57 3.11 2.4995 0.56057 0.463319 0.305415 7300 7200 1.7 0.64 1.56 1.04 6.19 2.6 0 "" 2.768 1 69.15692208333333 18.754942222222223 4589.567499999888
0.44809622096849966 104063247946740352 869033137 31.076825134597083 24.000595754989938 5.27832760598681 0.019858053 265.8029 26.374974894269563 0.020311685 -9.381359267634819 0.019779513 31 "" "" 0 0 1.0078644 125.895 10.214254 44.392063 10.559584 47.178257 9.720803 1.1907601 0.8387804 "" "" "" "" "" "" """VARIABLE""" 143.58492754308926 -35.93163320621472 False False 4 False False False True False True True False 5681.5835 4.0403 -0.1861 187.9981 0.003 0.0016 96 """SS Ari""" """2009Ap&SS.321...19L""" """W""" 0 0.40598629 -0.034819 37.75 """""" """WD""" 0.308 """SP""" 77.31 2.76 2.4652 0.093791 0.45758 0.266893 5488 5860 1.3 0.4 "" "" "" "" 0 "" "" 1 31.076696666666667 24.000637222222224 4589.567499999888
0.605208488035228 3516104217008286208 27890789 190.0628525701863 -18.80029182504063 10.082157146456556 0.018089022 557.3633 37.13225464263894 0.020857546 -6.847419597052161 0.016496409 31 "" "" 0 0 0.96723056 373.9369 8.869456 122.03975 9.146899 131.27406 8.41829 1.1994754 0.7286091 "" "" "" "" "" "" """VARIABLE""" 299.25102921679854 43.991493278263505 False False 0 True True False True False True True False 5969.7666 4.2229 -0.5309 98.8655 0.0006 0.0003 98 """SX Crv""" """2004AcA....54..299Z""" """A""" 0 0.3165992 -0.091126 "" """""" """WD""" 0.079 """SP""" 61.21 2.157 1.877 0.271871 0.553057 0.181963 6340 6160 1.246 0.098 1.347 0.409 2.632 0.216 0 "" 8.08 1 190.06267791666664 -18.800261388888888 4589.567499999888
0.11010456747177602 4727644504718888064 664143498 46.755168956057105 -56.13459328884409 1.932163184074262 0.012280872 157.3311 4.984530614316517 0.013874029 -4.709321594386785 0.013847131 31 "" "" 0 0 0.789547 105.083824 11.109357 35.65569 11.2867365 37.670914 10.740503 1.2071366 0.5462332 37.677776 15.1865635 30 65.885155 29.698698 0.0 """VARIABLE""" 272.45631267891275 -52.21197198237931 False False 2 True True False True False False True False "" "" "" "" "" "" 99 """SZ Hor""" """2011MNRAS.412.1787D""" """A""" 0 0.625102 "" "" """""" """WD""" 0.47 """SP""" 80.36 4.277 2.778 0.140656 0.426321 0.302109 6881 5183 1.823 0.857 1.946 1.381 7.605 1.234 0 "" "" 0 46.75512916666666 -56.134572222222225 4589.567499999888
0.06888959521471515 2464167465228786816 1457725744 26.735430639396544 -9.752728829895508 2.3116157832125244 0.025679972 90.01629 0.18941434191910897 0.024475452 -4.239889925239301 0.015547122 31 "" "" 0 0 0.93530935 114.0179 10.930168 31.048573 11.114141 30.140799 10.655105 1.1544784 0.45903683 39.551994 26.249174 20 62.20859 42.722897 0.0 """VARIABLE""" 162.55016965595914 -68.24404535642226 False False 0 True True True True False True True False 7323.391 4.1489 -0.1928 425.0865 0.1719 0.092 100 """TT Cet""" """2011MNRAS.412.1787D""" """A""" 0 0.485952 "" "" """""" """WD""" 0.39 """SP""" 82.25 3.726 2.638558 0.08 0.438334 0.284323 6765 5230 2.109 0.823 1.729 1.155 5.608 0.894 0 "" "" 0 26.735429583333328 -9.752709722222223 4589.567499999888
0.4722094515880052 5332644696271070720 1610654983 174.99097704269252 -64.81648819144857 4.856923151473548 0.021433175 226.60774 28.397420011367412 0.023350064 -8.019848214382987 0.02439429 95 1.5055243 0.0050452207 54 0 1.5991665 144.73436 10.546315 48.450203 10.920305 50.560738 9.809581 1.3435644 1.1107244 "" "" "" "" "" "" """VARIABLE""" 295.41946566223857 -2.992380953474171 False False 0 True True False True False True True False 5831.579 4.0323 -0.7036 204.8338 0.6309 0.3429 101 """TV Mus""" """2005AJ....130..224Q""" """A""" 1 0.4456794 -0.018662 29.1 """""" """WD""" 0.166 """SP""" 77.15 2.98 2.0664 0.7421 0.521031 0.244688 5980 5808 1.35 0.22 1.7 0.83 3.33 0.71 0 "" 4.313 0 174.99068041666663 -64.8164525 4589.567499999888
0.7454066806127584 5136147262376858240 1055181035 27.225807018187126 -20.893009456258515 6.548236138287403 0.019724991 331.97665 43.97279127003152 0.019781204 -15.147674771351408 0.014331388 95 1.5366341 0.0035416114 0 0 1.0466613 76.3924 10.676506 28.314928 10.983723 29.631386 10.078956 1.2763379 0.90476704 "" "" "" "" "" "" """VARIABLE""" 190.58565870499862 -75.48534998581086 False False 0 True True False True False False True False "" "" "" "" "" "" 102 """TW Cet""" """2011MNRAS.412.1787D""" """W""" 0 0.316851 "" "" """""" """WD""" 0.75 """SP""" 81.18 2.329 3.305568 0.06 0.383847 0.335994 5753 5865 0.963 0.722 0.95 0.831 0.886 0.733 0 "" 2.852 0 27.225597499999996 -20.892941944444445 4589.567499999888
0.6109332103405475 661190015991474688 182451519 130.00692974596615 18.99978428559308 5.436823716326426 0.018215299 298.47568 -36.14099999537519 0.019430337 -12.354235442465557 0.013983135 31 "" "" 0 0 0.8888696 176.0868 10.0304165 56.33799 10.360586 58.75166 9.548475 1.1911867 0.8121109 "" "" "" "" "" "" """VARIABLE""" 206.6225168427164 32.16871030446328 False False 0 True True False True False True True False 5784.3584 4.1795 -0.0398 182.751 0.0054 0.0029 103 """TX Cnc""" """2011MNRAS.412.1787D""" """W""" 0 0.382883 0.003197 "" """2009AJ....138..680Z""" """WD""" 0.455 """SP""" 62.19 2.762 2.741583 0.170047 0.430352 0.300998 6121 6250 1.322 0.602 1.271 0.892 2.03 1.088 0 "" 4.059 0 130.00709958333331 18.999839166666668 4589.567499999888
0.7521513535872948 5620104860188835200 1762484726 113.19252029229484 -20.791784364318907 4.565149177071909 0.018217703 250.58862 -23.13907360051545 0.0155849885 40.9999803213914 0.01917335 31 "" "" 0 0 1.0180814 150.1925 8.592833 48.405075 8.7824955 51.01433 8.209969 1.2078868 0.57252693 "" "" "" "" "" "" """VARIABLE""" 236.03684056664466 -0.723161525718565 False False 4 True True False True False True True False 6917.0513 3.6894 -0.8729 217.1202 0.1617 0.0872 104 """TY Pup""" """2018AJ....156..199S""" """W""" 1 0.8192406 0.004812 3.62 """""" """WD""" 0.25 """SP""" 83.64 4.653 2.219999 0.843 0.500884 0.283179 6900 6915 1.65 0.303 2.636 1.373 14.112 3.862 0 "" 1.107 0 113.19262999999998 -20.79196638888889 4589.567499999888
0.41074521697199123 2054900890599013376 1336219108 302.2965604017018 32.56485291592104 3.85886969799009 0.013995058 275.7309 -14.588716942283192 0.012364243 -21.162585929949817 0.014194783 31 "" "" 0 0 0.9232429 282.50537 11.485795 78.63317 11.784414 91.28063 10.992145 1.2140777 0.7922697 62.500355 25.76044 24 53.914375 76.548134 0.0 """VARIABLE""" 70.29957880225373 -0.23867983228600667 False False 0 True True False True False True True False 5688.2124 4.2834 -1.1475 255.5448 0.0034 0.0019 106 """TYC 2675-663-1""" """2010A&A...514A..36C""" """A""" 0 0.4223576 "" "" """""" """PHOEBE""" 0.81 """SP""" 65.2 3.141 3.37 0.1407 0.38263 0.347575 6480 5534 1.29 1.04 1.22 1.11 2.4 1.04 1 "" "" 1 302.2966370833333 32.56494694444444 4589.567499999888
0.4178700410017368 5179913528878335872 1618025467 47.469882038440815 -6.892633658943658 4.2123724239029885 0.017738536 237.47014 26.004055906283476 0.018294409 1.8645534570557192 0.017586283 31 "" "" 0 0 1.2666188 86.67445 10.693281 27.061815 11.047101 28.393784 10.166284 1.2074587 0.8808174 "" "" "" "" "" "" """VARIABLE""" 187.69656504083875 -51.436539535804634 False False 0 True True False True False True True False 5636.7656 4.1861 0.1676 236.0574 0.0046 0.0024 110 """UX Eri""" """2011MNRAS.412.1787D""" """W""" 0 0.445289 0.006653 45.3 """2007AJ....134.1769Q""" """WD""" 0.373 """SP""" 75.7 3.069 2.575718 0.204404 0.447379 0.286711 6006 6093 1.421 0.53 1.47 0.945 2.519 1.103 0 "" 3.464 0 47.469765416666654 -6.892641944444444 4589.567499999888
0.3605596134002059 3884801084623441152 884772519 160.13816769927521 13.566896088593401 3.0375704320576564 0.021415757 141.8381 -22.53609590208542 0.022359472 -1.8157369967285673 0.02236183 31 "" "" 0 0 1.0239383 74.19511 9.712723 22.860344 9.927382 26.721636 9.393699 1.1598269 0.5336838 "" "" "" "" "" "" """VARIABLE""" 230.27958580893912 56.59791392108196 False False 4 False False False True False False True False "" "" "" "" "" "" 111 """UZ Leo""" """2018PASP..130c4201L""" """W""" 1 0.618044426 0.030154 139.0 """""" """WD""" 0.306 """SP""" 89.56 4.213 2.3375 0.747719 0.484989 0.296806 6980 7094 2.01 0.62 2.23 1.4 10.6 3.68 1 388.0 1.418 1 160.13827041666664 13.56690388888889 4589.567499999888
0.18815071263415264 4519217850760871808 47493469 283.3231287675487 21.22580532673117 3.920384100600023 0.013586268 288.5549 6.493705800326254 0.009478949 9.746410393814362 0.013707533 31 "" "" 0 0 0.94370115 619.2562 9.631986 196.32864 9.869413 201.86638 9.222479 1.1965543 0.6469345 "" "" "" "" "" "" """VARIABLE""" 52.189606917321065 9.11247656965842 False False 0 True True False True False True True False 7258.3784 4.0142 -0.2377 252.6301 0.4555 0.245 112 """V1003 Her""" """2015Ap&SS.357...59P""" """W""" 0 0.4933265 "" "" """""" """PHOEBE""" 0.373 """SP""" 38.0 3.74 2.541045 0.357055 0.454273 0.294207 6312 6936 "" "" "" "" "" "" 0 "" "" 0 283.32309749999996 21.225761944444443 4589.567499999888
0.39035090245668397 1855066129714099840 930459980 321.2514857071989 33.68737443089651 5.421906953461662 0.034430362 157.4746 -1.028462228413824 0.024710182 -24.42865078052441 0.031076817 31 "" "" 0 0 1.9849192 225.47137 8.277903 73.7182 8.494236 74.39352 7.9026637 1.1889186 0.5915723 "" "" "" "" "" "" """VARIABLE""" 81.12666021984074 -11.945790102108845 False False 1 True True False True False False True False "" "" "" "" "" "" 113 """V1073 Cyg""" """2018RAA....18...20T""" """A""" 0 0.7858506 -0.004173 82.7 """""" """WD""" 0.303 """SP""" 68.4 5.172 2.45 0.121013 0.459831 0.266886 7300 6609 1.81 0.549 2.545 1.481 16.514 3.757 0 "" 1.897 0 321.2514908333333 33.687482777777774 4589.567499999888
0.9368194082925175 37141885040921216 89646189 57.36551349221299 12.912370474790407 10.201536374209105 0.01782564 572.29565 -39.63921370728547 0.017811565 43.075035642054466 0.013377848 31 "" "" 0 0 1.0678319 100.04793 9.547369 31.261559 9.893857 33.95207 9.051561 1.1916385 0.84229565 "" "" "" "" "" "" """VARIABLE""" 175.87960989052456 -31.116116659283225 False False 0 False False False True False False True False "" "" "" "" "" "" 115 """V1128 Tau""" """2014AJ....148..126C""" """W""" 1 0.305371 -0.002989 12.54 """""" """DC""" 0.534 """SP""" 86.0 2.27 2.8982 0.133974 0.415779 0.312166 6200 6400 1.1 0.58 1.01 0.76 1.294 0.839 0 139.0 4.32 1 57.36569416666666 12.912178888888889 4589.567499999888
0.7154537582555636 2068647358620451456 1091429152 304.2119657735636 41.961564147394824 4.506250818730631 0.01266456 355.81583 38.114854203352564 0.015588978 23.34087136886164 0.013553443 31 "" "" 0 0 0.9395054 204.02374 10.852742 67.61995 11.157782 72.32891 10.371186 1.2034824 0.78659534 -32.148735 12.878086 12 55.038548 37.72957 0.0 """VARIABLE""" 78.98662737963402 3.66511938889033 False False 0 True True False True False True True False 5862.1587 4.2854 -0.1786 220.8746 0.0011 0.0006 117 """V1191 Cyg""" """2014NewA...31...14O""" """W""" 1 0.31338877 0.270432 "" """""" """PHOEBE""" 0.107 """SP""" 80.76 2.183 1.939744 0.577083 0.541769 0.207822 6215 6378 1.283 0.137 1.292 0.503 2.25 0.38 0 278.0 4.446 1 304.2117379166666 41.96146027777778 4589.567499999888
0.935458503398986 2136382948545723904 141512153 291.53600132859265 52.446300660474066 2.87953416822789 0.011277545 255.33342 -13.662682610818868 0.015992388 -56.9068061849064 0.015017431 31 "" "" 0 0 1.1130381 125.527855 10.773152 41.5581 10.987606 43.57426 10.3954 1.1913258 0.592206 "" "" "" "" "" "" """VARIABLE""" 84.06079487358619 16.240148751619397 False False 4 True True False True False True True False 6687.367 4.2459 0.1714 346.2069 0.0013 0.0007 118 """V1918 Cyg""" """2016NewA...47...57G""" """A""" 1 0.4131769 "" "" """""" """WD""" 0.278 """SP""" 80.54 2.767 2.36394 0.305128 0.473335 0.26807 7300 6784 1.302 0.362 1.362 0.762 4.719 1.101 0 "" 3.791 1 291.5361008333333 52.44655333333333 4589.567499999888
0.07924033248633014 1852007631963153792 966177673 319.54534693103494 30.58931267003954 5.102497492209594 0.038040873 134.13197 2.126776177034406 0.030600145 -4.506509371578442 0.032156844 95 1.6637446 0.0056824787 0 0 1.0383674 777.1672 8.076293 251.14757 8.179777 263.10153 7.8717422 1.1674867 0.3080349 "" "" "" "" "" "" """VARIABLE""" 77.81047282558522 -13.042184443291813 False False 2 True True False True False True True False 7612.9453 3.8149 -1.1175 188.7878 0.0065 0.0035 119 """V2150 Cyg""" """2003A&A...412..465K""" """A""" 0 0.591856 "" "" """""" """WD""" 0.802 """SP""" 43.39 4.8 3.318 0.226844 0.389019 0.352396 8000 7920 2.35 1.885 1.982 1.786 14.446 11.268 1 "" "" 0 319.54533583333335 30.589332499999998 4589.567499999888
0.9895524656369659 4487581018562340992 1019248858 263.48347999699524 8.165784869277152 11.01756888534892 0.018552193 593.86884 -13.009486242406886 0.017460834 -60.511067932722746 0.015694419 31 "" "" 0 0 1.0912673 474.87207 8.410369 151.72711 8.718915 169.5105 7.9265146 1.2031072 0.79240036 "" "" "" "" "" "" """VARIABLE""" 31.500485906026352 20.918590315313494 False False 0 True True False True False True True False 5665.008 4.0889 -0.8024 90.4178 0.0086 0.0047 121 """V2377 Oph""" """2011MNRAS.412.1787D""" """W""" 0 0.425406 "" "" """""" """WD""" 0.395 """SP""" 44.06 2.695 2.654028 0.05697 0.436293 0.284215 5418 5940 1.038 0.41 1.253 0.817 1.212 0.744 0 "" 4.008 0 263.4835383333333 8.166053611111112 4589.567499999888
