data/sp_final_with_jd_min.ecsv
# %ECSV 1.0
# ---
# datatype:
# - {name: separation_arcsec, datatype: float64}
# - name: SOURCE_ID
#   datatype: int64
#   description: Unique source identifier (unique within a particular Data Release)
#   meta: !!omap
#   - {ucd: meta.id}
# - name: random_index
#   datatype: int64
#   description: Random index for use when selecting subsets
#   meta: !!omap
#   - {ucd: meta.code}
# - name: ra
#   unit: deg
#   datatype: float64
#   description: Right ascension
#   meta: !!omap
#   - {ucd: pos.eq.ra;meta.main}
#   - {utype: Char.SpatialAxis.Coverage.Location.Coord.Position2D.Value2.C1}
# - name: dec
#   unit: deg
#   datatype: float64
#   description: Declination
#   meta: !!omap
#   - {ucd: pos.eq.dec;meta.main}
#   - {utype: Char.SpatialAxis.Coverage.Location.Coord.Position2D.Value2.C2}
# - name: parallax
#   unit: mas
#   datatype: float64
#   description: Parallax
#   meta: !!omap
#   - {ucd: pos.parallax.trig}
# - name: parallax_error
#   unit: mas
#   datatype: float32
#   description: Standard error of parallax
#   meta: !!omap
#   - {ucd: stat.error;pos.parallax.trig}
# - name: parallax_over_error
#   datatype: float32
#   description: Parallax divided by its standard error
#   meta: !!omap
#   - {ucd: stat.snr;pos.parallax.trig}
# - name: pmra
#   unit: mas / yr
#   datatype: float64
#   description: Proper motion in right ascension direction
#   meta: !!omap
#   - {ucd: pos.pm;pos.eq.ra}
# - name: pmra_error
#   unit: mas / yr
#   datatype: float32
#   description: Standard error of proper motion in right ascension direction
#   meta: !!omap
#   - {ucd: stat.error;pos.pm;pos.eq.ra}
# - name: pmdec
#   unit: mas / yr
#   datatype: float64
#   description: Proper motion in declination direction
#   meta: !!omap
#   - {ucd: pos.pm;pos.eq.dec}
# - name: pmdec_error
#   unit: mas / yr
#   datatype: float32
#   description: Standard error of proper motion in declination direction
#   meta: !!omap
#   - {ucd: stat.error;pos.pm;pos.eq.dec}
# - name: astrometric_params_solved
#   datatype: int16
#   description: Which parameters have been solved for?
#   meta: !!omap
#   - {ucd: meta.number}
# - name: pseudocolour
#   unit: 1 / um
#   datatype: float32
#   description: Astrometrically estimated pseudocolour of the source
#   meta: !!omap
#   - {ucd: em.wavenumber}
# - name: pseudocolour_error
#   unit: 1 / um
#   datatype: float32
#   description: Standard error of the pseudocolour of the source
#   meta: !!omap
#   - {ucd: stat.error;em.wavenumber}
# - name: ipd_frac_multi_peak
#   datatype: int16
#   description: Percent of successful-IPD windows with more than one peak
#   meta: !!omap
#   - {ucd: stat.value}
# - name: ipd_frac_odd_win
#   datatype: int16
#   description: Percent of transits with truncated windows or multiple gate
#   meta: !!omap
#   - {ucd: stat.value}
# - name: ruwe
#   datatype: float32
#   description: Renormalised unit weight error
#   meta: !!omap
#   - {ucd: stat.error}
# - name: phot_g_mean_flux_over_error
#   datatype: float32
#   description: G-band mean flux divided by its error
#   meta: !!omap
#   - {ucd: stat.snr;phot.flux;em.opt}
# - name: phot_g_mean_mag
#   unit: mag
#   datatype: float32
#   description: G-band mean magnitude
#   meta: !!omap
#   - {ucd: phot.mag;em.opt}
# - name: phot_bp_mean_flux_over_error
#   datatype: float32
[...]
#   - {utype: None}
# - name: L2
#   datatype: float64
#   meta: !!omap
#   - {ucd: None}
#   - {utype: None}
# - name: L3
#   datatype: int64
#   meta: !!omap
#   - {ucd: None}
#   - {utype: None}
# - name: d
#   datatype: float64
#   meta: !!omap
#   - {ucd: None}
#   - {utype: None}
# - name: Age
#   datatype: float64
#   meta: !!omap
#   - {ucd: None}
#   - {utype: None}
# - name: Spots
#   datatype: int64
#   meta: !!omap
#   - {ucd: None}
#   - {utype: None}
# - name: ra_2
#   datatype: float64
#   meta: !!omap
#   - {ucd: None}
#   - {utype: None}
# - name: dec_2
#   datatype: float64
#   meta: !!omap
#   - {ucd: None}
#   - {utype: None}
# - {name: jd_min, datatype: string, subtype: json}
# schema: astropy-2.0
separation_arcsec SOURCE_ID random_index ra dec parallax parallax_error parallax_over_error pmra pmra_error pmdec pmdec_error astrometric_params_solved pseudocolour pseudocolour_error ipd_frac_multi_peak ipd_frac_odd_win ruwe phot_g_mean_flux_over_error phot_g_mean_mag phot_bp_mean_flux_over_error phot_bp_mean_mag phot_rp_mean_flux_over_error phot_rp_mean_mag phot_bp_rp_excess_factor bp_rp radial_velocity radial_velocity_error rv_nb_transits rv_expected_sig_to_noise rv_renormalised_gof rv_chisq_pvalue phot_variable_flag l b in_qso_candidates in_galaxy_candidates non_single_star has_xp_continuous has_xp_sampled has_rvs has_epoch_photometry has_epoch_rv has_mcmc_gspphot has_mcmc_msc in_andromeda_survey teff_gspphot logg_gspphot mh_gspphot distance_gspphot ag_gspphot ebpminrp_gspphot my_table_oid name Bibcode Type ET P dPdt Pc BibcodeP Solver q QT i a Omega f r1p r2p T1 T2 M1 M2 R1 R2 L1 L2 L3 d Age Spots ra_2 dec_2 jd_min
[from data line 89]
0.6750736437070622 894252636735896320 1332011501 114.62574331153445 33.711624436498276 10.574761094216894 0.03126387 338.24225 -36.30255669403731 0.03771654 21.543527628383266 0.034750886 31 "" "" 0 0 1.1977786 3236.9536 7.9205756 876.6805 8.120349 1047.8262 7.5581884 1.1910523 0.5621605 -3.7186024 0.18659167 11 216.69754 -0.25450778 0.42526647 """NOT_AVAILABLE""" 185.83879149820996 23.8312741653289 False False 0 False False False False False True True False 6630.2856 3.9793 -1.0758 94.2378 0.0115 0.0063 123 """V345 Gem""" """2009AJ....138..540Y""" """W""" 1 0.2747736 0.00508 1.77 """""" """WD""" 0.142 """SP""" 73.3 "" 1.9894 0.999713 0.536404 0.241367 6115 6365 "" "" "" "" "" "" 1 "" "" 1 114.62593708333331 33.71152861111111 4589.567499999888
0.3806957208410984 2814517259052751872 105384034 351.35503532043805 15.688582203436226 6.038189532174266 0.026375167 228.93465 17.896417813848622 0.036945537 -15.68678642982297 0.023130512 31 "" "" 1 0 1.045947 174.39293 7.9736257 51.87326 8.14241 53.33726 7.7016826 1.1615467 0.4407277 "" "" "" "" "" "" """VARIABLE""" 94.39882990211969 -42.36765479080795 False False 0 True True False True False True True False 7029.3745 3.8469 -0.2185 164.5296 0.005 0.0027 124 """V351 Peg""" """2005NewA...10..163A""" """A""" 0 0.5932963 "" "" """""" """DC""" 0.36 """SP""" 63.0 3.868 2.5496 0.206535 0.450181 0.283992 7580 7559 1.627 0.586 1.872 1.192 9.945 3.988 0 "" 1.877 1 351.35495249999997 15.688651666666667 4589.567499999888
0.31251966124649844 2852755043652569088 1543392470 356.39619882076346 25.471913040303086 4.237482656496133 0.020355085 208.17809 19.17548237227668 0.021023152 -3.462746361693211 0.013903531 31 "" "" 0 0 1.0535243 147.5571 9.050913 49.591656 9.1832905 46.740154 8.766938 1.1887424 0.41635227 "" "" "" "" "" "" """VARIABLE""" 104.71786332358927 -35.05988089607152 False False 0 True True False True False True True False 6672.35 3.8572 -0.9772 232.4243 0.0427 0.0232 125 """V357 Peg""" """2012NewA...17..603E""" """A""" 0 0.5784511 "" "" """""" """WD""" 0.401 """SP""" 73.34 3.09 2.6 0.327693 0.447628 0.298732 7000 6687 0.85 0.34 1.48 0.99 4.73 1.77 0 "" 2.645 1 356.3961041666666 25.47192833333333 4589.567499999888
0.8090927547935455 450600038527653888 885491358 38.79880857879049 49.86030299624346 5.629796702521198 0.031345453 179.60489 49.97089451507958 0.03485279 -7.475210396698029 0.03123328 31 "" "" 1 0 1.0751176 210.46085 7.693472 67.04244 7.8295794 44.37409 7.4136724 1.1844423 0.4159069 "" "" "" "" "" "" """VARIABLE""" 139.551577276679 -9.633572847716595 False False 0 True True False True False True True False 7705.6045 3.7744 -0.5824 176.2404 0.2339 0.1253 126 """V376 And""" """2011NewA...16...12C""" """A""" 0 0.786748 "" "" """""" """WD""" 0.305 """SP""" 62.7 5.32 2.464 0.069751 0.457325 0.265235 9000 7080 2.44 0.74 2.6 1.51 40.0 5.0 0 230.0 1.824 1 38.79846375 49.86033611111111 4589.567499999888
0.16826639356865547 157386675678054016 766685665 75.56146578577679 31.263664609577177 5.198520498894289 0.018767951 276.98926 8.410127449917628 0.020388091 -6.264535612047305 0.014962277 31 "" "" 0 0 1.011502 504.2756 8.766744 174.77254 8.994258 172.66049 8.379183 1.189618 0.6150751 "" "" "" "" "" "" """VARIABLE""" 172.7877112414222 -6.4450136159232905 False False 0 True True False True False True True False 6830.09 3.8808 -0.7422 191.3718 0.273 0.1477 127 """V402 Aur""" """2004AcA....54..299Z""" """A""" 0 0.60349918 "" "" """""" """WD""" 0.2 """SP""" 52.65 3.765 2.228035 0.030596 0.48814 0.233782 6775 6700 1.638 0.327 1.997 0.915 7.544 1.515 0 "" 2.903 0 75.56142166666665 31.26369222222222 4589.567499999888
0.10898547181446687 1891102451510535552 1678893715 344.1287402143014 33.92001729523488 3.76886103653137 0.025632259 147.03586 6.465910793174967 0.020427912 -2.0812101410691826 0.022083413 95 1.5788122 0.004272387 0 0 1.1071612 266.92657 10.382283 88.147064 10.661525 84.05146 9.926914 1.2010193 0.73461056 "" "" "" "" "" "" """VARIABLE""" 97.22153955119899 -23.150727078128863 False False 0 True True False True False True True False 6084.421 4.1012 -0.0306 263.1617 0.0046 0.0025 128 """V404 Peg""" """2011AN....332..690G""" """A""" 0 0.41918335 "" "" """""" """WD""" 0.243 """SP""" 62.21 2.672 2.28792 0.32112 0.483358 0.258458 6340 6154 1.175 0.286 1.346 0.71 2.623 0.647 0 234.0 5.05 0 344.1287054166666 33.920026388888886 4589.567499999888
0.1469595561751861 185042004454012032 1469378398 75.29516684890083 34.50734401855289 5.819110665330546 0.021120006 275.526 5.541866860072116 0.023465326 -7.330843639703655 0.015739145 31 "" "" 9 0 1.0888325 150.88058 10.306837 42.05815 10.591746 46.654728 9.659002 1.3222793 0.932744 "" "" "" "" "" "" """VARIABLE""" 170.06438601348512 -4.64922253911779 False False 0 True True False True False False True False "" "" "" "" "" "" 129 """V410 Aur""" """2017AJ....154...99L""" """A""" 1 0.36636259 "" "" """""" """WD""" 0.144 """SP""" 81.9 2.439 2.057 0.319156 0.518362 0.220691 5950 5898 1.27 0.18 1.37 0.59 2.1 0.37 1 "" 6.404 1 75.29513666666665 34.507376388888886 4589.567499999888
0.39457959497307965 4291364028927627648 1244304795 293.85047100188916 5.838132881939677 4.737201962601439 0.0154435 306.74408 -6.037183221663704 0.014808177 -23.94994742556824 0.013776895 31 "" "" 0 0 0.970428 100.54059 10.597011 33.195347 10.946527 35.522198 10.1280155 1.1739606 0.818511 "" "" "" "" "" "" """VARIABLE""" 43.205828973781365 -7.031691601275145 False False 4 True True False True False True True False 5934.252 4.1106 -1.5661 209.6743 0.4117 0.2265 130 """V417 Aql""" """2011MNRAS.412.1787D""" """W""" 1 0.370314 -0.004752 42.4 """2003A&A...400..649Q""" """WD""" 0.362 """SP""" 82.47 2.699 2.54924 0.226446 0.450623 0.285385 6252 6381 1.41 0.51 1.304 0.829 2.327 1.02 0 "" 3.595 0 293.85049791666665 5.838239166666666 4589.567499999888
0.5397072384715088 4383725101572110720 646207969 250.3368069984813 0.5077051921406486 10.374362094500793 0.02091908 495.9282 -25.485278547988464 0.027549671 22.149576049028678 0.020760516 31 "" "" 0 0 0.8451845 142.19783 8.445568 50.810265 8.746148 51.507004 7.950474 1.2139663 0.7956743 "" "" "" "" "" "" """VARIABLE""" 17.215629131877577 28.849393137250892 False False 0 True True False True False True True False 5872.4146 4.1369 0.3168 96.0813 0.001 0.0005 132 """V502 Oph""" """2016PASJ...68..102X""" """W""" 0 0.453392912 -0.014602 18.7 """""" """WD""" 0.335 """SP""" 76.4 3.038 2.469146 0.353245 0.461891 0.28512 5900 6140 1.37 0.46 1.51 0.94 2.49 1.13 1 86.0 3.045 1 250.33691999999996 0.5076066666666667 4589.567499999888
0.2611858908874494 3115675035793113088 932761464 104.75490017297994 2.2142659918286465 1.8434865377070253 0.021036932 87.63096 -14.18605964178055 0.017518936 -8.27504058203158 0.015707053 31 "" "" 0 0 1.1202937 99.50802 13.542196 32.33453 13.9153805 34.86986 12.992534 1.2126315 0.9228468 "" "" "" "" "" "" """VARIABLE""" 211.8239230243679 2.69574690547872 False False 0 False False False True False True True False 5345.117 4.3433 -0.8694 526.8085 0.0078 0.0042 133 """V524 Mon""" """2012PASJ...64...85H""" """W""" 0 0.283616062 -1.3e-05 23.93 """""" """WD""" 0.476 """SP""" 80.47 "" 2.806345 0.080554 0.422319 0.300008 5308 5560 "" "" "" "" "" "" 0 "" "" 0 104.75496291666666 2.2143025 4589.567499999888
0.6372887495404258 349486372256498816 337486987 27.802487537656543 43.81865905237175 4.11792693928239 0.027716924 148.57085 21.08679645157841 0.030591989 -33.79292427248022 0.017824136 31 "" "" 0 0 1.3473053 109.17094 11.257676 37.73911 11.622298 40.42715 10.659104 1.2488817 0.9631939 "" "" "" "" "" "" """VARIABLE""" 134.19675684002317 -17.741811167918488 False False 0 True True False True False False True False 5657.872 4.3299 0.7876 236.2971 0.007 0.0036 135 """V546 And""" """2015NewA...36..100G""" """W""" 1 0.3830195 -0.044323 24.43 """""" """WD""" 0.254 """SP""" 86.07 2.458 2.31418 0.300058 0.479581 0.260896 6240 6517 1.083 0.28 1.229 0.66 2.052 0.71 0 "" 3.437 0 27.8023575 43.81880916666667 4589.567499999888
0.7740836539737479 202816984311041280 80580836 71.13761999741094 39.87530329488446 5.55994909841624 0.23090598 24.078844 25.424965668529488 0.2660266 -41.13634847743413 0.22673845 31 "" "" 0 0 10.822918 206.9707 8.244426 67.532585 8.503754 65.04911 7.7657804 1.2252731 0.7379732 "" "" "" "" "" "" """VARIABLE""" 163.79507844718037 -3.8294229739026164 False False 0 True True False True False True True False 6768.724 3.7903 -0.3665 161.2763 0.4362 0.2354 137 """V592 Per""" """2005AcA....55..389Z""" """W""" 1 0.715722 "" "" """""" """WD""" 0.389 """SP""" 89.6 4.522 2.526 0.544801 0.460271 0.307585 5800 6020 1.743 0.678 2.252 1.468 9.58 2.5 1 "" 2.066 0 71.13747249999999 39.87548611111111 4589.567499999888
0.317828950474192 1348042457276499840 1629015373 259.51780951304625 41.84402826592648 1.100583184147253 0.23891811 4.6065288 -15.201118061692625 0.26351702 -12.874341639655906 0.27471098 31 "" "" 3 0 18.924109 179.67427 10.95422 59.909313 11.104074 63.866367 10.564654 1.2343376 0.5394192 "" "" "" "" "" "" """VARIABLE""" 66.80305957454452 34.53308554544913 False False 0 True True False True False True True False 6728.3677 3.9979 -0.3913 412.8115 0.0765 0.0412 138 """V728 Her""" """2016NewA...46...73E""" """W""" 0 0.4712889 0.016589 76.0 """""" """PHOEBE""" 0.178 """SP""" 69.3 3.22 2.084613 0.81 0.519042 0.252801 6600 6743 1.8 0.28 1.87 0.82 5.9 1.24 1 "" 2.304 1 259.5179 41.84408527777778 4589.567499999888
0.31544352418256766 521747992852872320 187253893 28.347896651905057 70.04264303508289 5.7694643909112004 0.011491368 502.06943 19.16554125919957 0.011121121 4.565988184304164 0.013324344 31 "" "" 0 0 0.9130001 416.81357 8.980348 135.5609 9.189236 139.39485 8.616684 1.1867006 0.5725517 "" "" "" "" "" "" """VARIABLE""" 128.21062607949895 7.808400491115573 False False 0 True True False True False True True False 6460.7856 3.8433 -1.1557 172.6032 0.0321 0.0175 140 """V776 Cas""" """2016ApJ...817..133Z""" """A""" 0 0.44041574 "" 23.7 """""" """WD""" 0.13 """SP""" 55.4 2.936 1.9932 0.645645 0.532354 0.223279 7000 6920 1.55 0.2 1.71 0.73 6.93 1.17 1 "" 3.036 0 28.347647083333328 70.0426225 4589.567499999888
0.3067670686563425 1338980488596974464 2751955 253.94946552907263 35.18258378825231 5.347352679518198 0.013226119 404.3025 -6.254433214277671 0.013610111 -18.165581644817525 0.014652907 31 "" "" 17 0 1.1044028 237.26372 10.149149 73.80132 10.446423 75.7685 9.632011 1.229265 0.81441116 "" "" "" "" "" "" """VARIABLE""" 57.86615269021259 37.90716692882163 False False 0 True True False True False True True False 5809.914 4.1839 -0.3359 186.2638 0.0111 0.006 142 """V829 Her""" """2006NewA...12..192E""" """W""" 0 0.35815069 0.007172 12.61 """""" """WD""" 0.435 """SP""" 57.2 2.61 2.695652 0.199746 0.435349 0.298838 6194 6300 1.3 0.57 1.22 0.84 1.95 0.99 0 198.0 4.379 1 253.94949916666664 35.18266444444444 4589.567499999888
0.521886115513639 4481606508598024064 1369656823 272.33845864223196 9.151006183265896 8.69767133346297 0.017195115 505.82224 -32.64424072034231 0.01622178 0.9480171020723411 0.018530594 31 "" "" 0 0 0.97549987 91.196236 8.878592 30.125755 9.182585 31.065678 8.376909 1.2162833 0.8056755 "" "" "" "" "" "" """VARIABLE""" 36.430203955317836 13.471313449855176 False False 0 True True False True False False True False "" "" "" "" "" "" 143 """V839 Oph""" """2011MNRAS.412.1787D""" """W""" 1 0.409008 0.027994 36.7 """2010JKAS...43..201H""" """WD""" 0.305 """SP""" 80.19 2.984 2.363 0.601415 0.478945 0.289141 6381 6424 1.63 0.497 1.546 0.955 3.55 1.392 0 "" 2.695 0 272.3386054166666 9.151001944444445 4589.567499999888
0.5529774538024652 1400549875578714240 1535296505 241.5090212035643 50.187060873126946 5.833332717962715 0.014151141 412.2164 -28.42794017870608 0.01546467 19.672961512490655 0.01885878 31 "" "" 1 0 1.0772542 103.34709 10.005785 34.307724 10.368785 37.692574 9.465038 1.2117673 0.9037466 "" "" "" "" "" "" """VARIABLE""" 78.52754964209468 46.613290503748225 False False 0 True True False True False True True False 5794.9043 4.2065 0.1942 171.0815 0.0031 0.0016 144 """V842 Her""" """2009NewA...14..321E""" """W""" 1 0.419033 0.037654 14.3 """""" """WD""" 0.259 """SP""" 78.3 2.88 2.332599 0.254273 0.476494 0.260573 5723 6020 1.45 0.38 1.47 0.81 2.08 0.77 1 177.0 3.714 1 241.5092183333333 50.18697333333333 4589.567499999888
0.32101854714227684 3060915340941636608 1536341747 114.77001331439382 -2.6515686790697877 3.0096594850341996 0.016881669 178.27972 -19.800581805765567 0.017881988 -3.452393151200421 0.01272831 31 "" "" 0 0 1.0058985 110.159706 9.379798 37.65914 9.4944515 39.194984 9.178509 1.1592146 0.31594276 "" "" "" "" "" "" """VARIABLE""" 220.80609703324646 9.345528408458657 False False 4 True True False True False True True False 7730.175 4.0713 0.6195 327.9754 0.0032 0.0017 145 """V868 Mon""" """2015PASJ...67...98Z""" """A""" 1 0.637704468 0.081043 "" """""" """WD""" 0.373 """SP""" 83.67 4.633 2.51732 0.459621 0.459067 0.299398 7400 6484 2.389 0.891 2.331 1.562 14.702 3.893 1 "" 2.761 0 114.77010124999998 -2.651553333333333 4589.567499999888
0.36934706630954983 6648949535618124800 401213518 272.0943184384094 -56.7671136850074 9.702863759329942 0.019295704 502.85098 -19.79315812745839 0.016603345 11.928483317636685 0.01500589 31 "" "" 0 0 0.8991278 138.91043 8.73219 44.704155 9.026568 48.70751 8.215669 1.2303526 0.81089973 "" "" "" "" "" "" """VARIABLE""" 337.16966789748625 -16.87611419277344 False False 0 True True False True False False True False 5772.26 4.1519 -0.1269 102.8152 0.0019 0.001 146 """V870 Ara""" """2007A&A...465..943S""" """W""" 1 0.399722 "" "" """""" """WD""" 0.082 """SP""" 70.0 2.59 1.849 0.984479 0.562577 0.20026 5860 6210 1.503 0.123 1.67 0.61 2.96 0.5 0 107.0 3.624 1 272.09447874999995 -56.76716666666667 4589.567499999888
0.8842489145615896 1325067886936436224 505466397 248.75836466578136 33.21309491676181 6.643961610303423 0.08913584 74.53748 39.03148792176434 0.0928367 -39.12779146710062 0.11359825 31 "" "" 0 0 5.5596986 511.95126 7.7727013 169.61176 7.998712 150.73595 7.3840237 1.1910522 0.6146884 "" "" "" "" "" "" """VARIABLE""" 54.48314342191237 41.85365697153753 False False 1 True True False True False True True False 6442.489 3.8092 -0.0765 144.8873 0.0059 0.0032 147 """V899 Her""" """2002A&A...387..240O""" """A""" 0 0.4211722 "" 3.7 """2006NewA...12...33Q""" """WD""" 0.566 """SP""" 68.72 3.511 2.922 0.235797 0.416744 0.32281 5700 5677 2.1 1.19 1.57 1.22 2.32 1.4 1 "" "" 0 248.7581570833333 33.21326861111111 4589.567499999888
0.13554873232524225 1407792805347385984 156171010 252.38021416414966 47.10802143741893 2.5971310971846697 0.01096111 236.94052 7.206568563839549 0.012666955 4.421057360119603 0.0134342285 31 "" "" 0 0 0.8689213 186.69492 9.429812 61.20138 9.582725 62.23648 9.125928 1.1868336 0.45679665 "" "" "" "" "" "" """VARIABLE""" 73.0711613440736 39.89029168378923 False False 4 True True False True False False True False 7326.938 3.8343 0.2317 383.0534 0.1216 0.0648 148 """V921 Her""" """2016AdAst2016E...7Z""" """A""" 0 0.8773763 0.024106 10.2 """""" """WD""" 0.226 """SP""" 75.4 5.0 2.296 0.001433 0.47799 0.241225 7700 7003 1.784 0.403 2.56 1.29 12.2 1.59 1 "" 3.044 0 252.38016708333333 47.10800166666667 4589.567499999888
