data/sp_final_with_jd_min.ecsv
# %ECSV 1.0
# ---
# datatype:
# - {name: separation_arcsec, datatype: float64}
# - name: SOURCE_ID
#   datatype: int64
#   description: Unique source identifier (unique within a particular Data Release)
#   meta: !!omap
#   - {ucd: meta.id}
# - name: random_index
#   datatype: int64
#   description: Random index for use when selecting subsets
#   meta: !!omap
#   - {ucd: meta.code}
# - name: ra
#   unit: deg
#   datatype: float64
#   description: Right ascension
#   meta: !!omap
#   - {ucd: pos.eq.ra;meta.main}
#   - {utype: Char.SpatialAxis.Coverage.Location.Coord.Position2D.Value2.C1}
# - name: dec
#   unit: deg
#   datatype: float64
#   description: Declination
#   meta: !!omap
#   - {ucd: pos.eq.dec;meta.main}
#   - {utype: Char.SpatialAxis.Coverage.Location.Coord.Position2D.Value2.C2}
# - name: parallax
#   unit: mas
#   datatype: float64
#   description: Parallax
#   meta: !!omap
#   - {ucd: pos.parallax.trig}
# - name: parallax_error
#   unit: mas
#   datatype: float32
#   description: Standard error of parallax
#   meta: !!omap
#   - {ucd: stat.error;pos.parallax.trig}
# - name: parallax_over_error
#   datatype: float32
#   description: Parallax divided by its standard error
#   meta: !!omap
#   - {ucd: stat.snr;pos.parallax.trig}
# - name: pmra
#   unit: mas / yr
#   datatype: float64
#   description: Proper motion in right ascension direction
#   meta: !!omap
#   - {ucd: pos.pm;pos.eq.ra}
# - name: pmra_error
#   unit: mas / yr
#   datatype: float32
#   description: Standard error of proper motion in right ascension direction
#   meta: !!omap
#   - {ucd: stat.error;pos.pm;pos.eq.ra}
# - name: pmdec
#   unit: mas / yr
#   datatype: float64
#   description: Proper motion in declination direction
#   meta: !!omap
#   - {ucd: pos.pm;pos.eq.dec}
# - name: pmdec_error
#   unit: mas / yr
#   datatype: float32
#   description: Standard error of proper motion in declination direction
#   meta: !!omap
#   - {ucd: stat.error;pos.pm;pos.eq.dec}
# - name: astrometric_params_solved
#   datatype: int16
#   description: Which parameters have been solved for?
#   meta: !!omap
#   - {ucd: meta.number}
# - name: pseudocolour
#   unit: 1 / um
#   datatype: float32
#   description: Astrometrically estimated pseudocolour of the source
#   meta: !!omap
#   - {ucd: em.wavenumber}
# - name: pseudocolour_error
#   unit: 1 / um
#   datatype: float32
#   description: Standard error of the pseudocolour of the source
#   meta: !!omap
#   - {ucd: stat.error;em.wavenumber}
# - name: ipd_frac_multi_peak
#   datatype: int16
#   description: Percent of successful-IPD windows with more than one peak
#   meta: !!omap
#   - {ucd: stat.value}
# - name: ipd_frac_odd_win
#   datatype: int16
#   description: Percent of transits with truncated windows or multiple gate
#   meta: !!omap
#   - {ucd: stat.value}
# - name: ruwe
#   datatype: float32
#   description: Renormalised unit weight error
#   meta: !!omap
#   - {ucd: stat.error}
# - name: phot_g_mean_flux_over_error
#   datatype: float32
#   description: G-band mean flux divided by its error
#   meta: !!omap
#   - {ucd: stat.snr;phot.flux;em.opt}
# - name: phot_g_mean_mag
#   unit: mag
#   datatype: float32
#   description: G-band mean magnitude
#   meta: !!omap
#   - {ucd: phot.mag;em.opt}
# - name: phot_bp_mean_flux_over_error
#   datatype: float32
[...]
#   - {utype: None}
# - name: L2
#   datatype: float64
#   meta: !!omap
#   - {ucd: None}
#   - {utype: None}
# - name: L3
#   datatype: int64
#   meta: !!omap
#   - {ucd: None}
#   - {utype: None}
# - name: d
#   datatype: float64
#   meta: !!omap
#   - {ucd: None}
#   - {utype: None}
# - name: Age
#   datatype: float64
#   meta: !!omap
#   - {ucd: None}
#   - {utype: None}
# - name: Spots
#   datatype: int64
#   meta: !!omap
#   - {ucd: None}
#   - {utype: None}
# - name: ra_2
#   datatype: float64
#   meta: !!omap
#   - {ucd: None}
#   - {utype: None}
# - name: dec_2
#   datatype: float64
#   meta: !!omap
#   - {ucd: None}
#   - {utype: None}
# - {name: jd_min, datatype: string, subtype: json}
# schema: astropy-2.0
separation_arcsec SOURCE_ID random_index ra dec parallax parallax_error parallax_over_error pmra pmra_error pmdec pmdec_error astrometric_params_solved pseudocolour pseudocolour_error ipd_frac_multi_peak ipd_frac_odd_win ruwe phot_g_mean_flux_over_error phot_g_mean_mag phot_bp_mean_flux_over_error phot_bp_mean_mag phot_rp_mean_flux_over_error phot_rp_mean_mag phot_bp_rp_excess_factor bp_rp radial_velocity radial_velocity_error rv_nb_transits rv_expected_sig_to_noise rv_renormalised_gof rv_chisq_pvalue phot_variable_flag l b in_qso_candidates in_galaxy_candidates non_single_star has_xp_continuous has_xp_sampled has_rvs has_epoch_photometry has_epoch_rv has_mcmc_gspphot has_mcmc_msc in_andromeda_survey teff_gspphot logg_gspphot mh_gspphot distance_gspphot ag_gspphot ebpminrp_gspphot my_table_oid name Bibcode Type ET P dPdt Pc BibcodeP Solver q QT i a Omega f r1p r2p T1 T2 M1 M2 R1 R2 L1 L2 L3 d Age Spots ra_2 dec_2 jd_min
[from data line 111]
0.794049101539062 1226714132289140352 1038320679 214.35848994225492 12.567404330395698 6.664443185577959 0.016776977 397.2374 4.695123580387168 0.019368056 -49.45555137800747 0.015384148 31 "" "" 0 0 0.88784426 97.25123 10.504384 29.193121 10.913439 34.25109 9.905818 1.2280926 1.0076208 "" "" "" "" "" "" """VARIABLE""" 1.287633088368284 65.15433803406619 False False 0 True True False True False False True False "" "" "" "" "" "" 150 """VW Boo""" """2011AJ....141..147L""" """W""" 0 0.3423177 -0.012563 25.96 """""" """WD""" 0.428 """SP""" 73.81 2.382 2.694208 0.156558 0.434483 0.295389 5198 5560 1.084 0.464 1.107 0.756 0.807 0.493 0 "" 6.018 1 214.3584683333333 12.567623888888889 4589.567499999888
0.21196060750651008 733549185449902208 4099958 165.71635706998444 30.41517389452169 8.82379183707512 0.104622394 84.33942 12.304343195541788 0.08509537 -4.764397457390595 0.098393016 31 "" "" 0 0 3.6583636 164.84969 8.03474 48.543114 8.258592 54.645313 7.6944833 1.1659622 0.5641084 "" "" "" "" "" "" """VARIABLE""" 198.5828781064803 66.03998449168509 False False 0 True True False True False True True False 6532.6475 4.0215 -0.5355 113.1778 0.0021 0.0011 152 """VW LMi""" """2013AJ....145...80D""" """A""" 0 0.4775507 "" "" """""" """DC""" 0.423 """SP""" 78.1 3.43 2.595 0.504979 0.452565 0.312844 6440 6180 1.68 0.71 1.69 1.18 4.411 1.824 1 "" 4.319 1 165.7162933333333 30.415194999999997 4589.567499999888
0.5373357982407503 1022096392749670016 1427996380 145.93959651092428 55.952388737534136 19.266700572347492 0.01887033 1021.00494 17.168499979693237 0.017255988 -28.88598754101516 0.016563669 31 "" "" 0 0 1.0083104 151.17592 7.7452164 45.141926 8.088248 45.466164 7.2756886 1.1774266 0.8125596 "" "" "" "" "" "" """VARIABLE""" 158.92257837077457 45.902485754162804 False False 0 True True False True False False True False "" "" "" "" "" "" 154 """W UMa""" """1991ApJ...374..307L""" """W""" 1 0.33363551 "" "" """2001IBVS.5056....1P""" """LI""" 0.49 """SP""" 86.0 2.401 2.827291 0.099593 0.420927 0.303318 5746 5984 1.12 0.55 "" "" 1.216 0.732 0 "" 4.71 1 145.93945999999997 55.95251694444445 4589.567499999888
0.11753197802519082 3835185102728741632 548945286 150.69987207017394 1.094519025473592 2.9882584870281064 0.120489664 24.800953 6.308396543835258 0.1552752 -3.6820235699897426 0.20733888 31 "" "" 46 0 6.044675 116.62694 9.934662 41.89572 10.127946 41.20639 9.486477 1.2429965 0.641469 "" "" "" "" "" "" """VARIABLE""" 238.4918451792295 41.93740202895969 False False 0 False False False True False False True False "" "" "" "" "" "" 157 """Y Sex""" """2011MNRAS.412.1787D""" """A""" 0 0.487736 -0.004752 50.0 """2003NewA....8..465Y""" """WD""" 0.195 """SP""" 79.12 2.85 2.146 0.596136 0.507078 0.251998 6650 6448 1.471 0.287 1.568 0.795 4.305 0.979 1 "" 3.754 0 150.69984374999999 1.0945352777777777 4589.567499999888
