data/WUMaCat_cross_with_gaia.ecsv
# %ECSV 1.0
# ---
# datatype:
# - {name: separation_arcsec, datatype: float64}
# - name: SOURCE_ID
#   datatype: int64
#   description: Unique source identifier (unique within a particular Data Release)
#   meta: !!omap
#   - {ucd: meta.id}
# - name: random_index
#   datatype: int64
#   description: Random index for use when selecting subsets
#   meta: !!omap
#   - {ucd: meta.code}
# - name: ra
#   unit: deg
#   datatype: float64
#   description: Right ascension
#   meta: !!omap
#   - {ucd: pos.eq.ra;meta.main}
#   - {utype: Char.SpatialAxis.Coverage.Location.Coord.Position2D.Value2.C1}
# - name: dec
#   unit: deg
#   datatype: float64
#   description: Declination
#   meta: !!omap
#   - {ucd: pos.eq.dec;meta.main}
#   - {utype: Char.SpatialAxis.Coverage.Location.Coord.Position2D.Value2.C2}
# - name: parallax
#   unit: mas
#   datatype: float64
#   description: Parallax
#   meta: !!omap
#   - {ucd: pos.parallax.trig}
# - name: parallax_error
#   unit: mas
#   datatype: float32
#   description: Standard error of parallax
#   meta: !!omap
#   - {ucd: stat.error;pos.parallax.trig}
# - name: parallax_over_error
#   datatype: float32
#   description: Parallax divided by its standard error
#   meta: !!omap
#   - {ucd: stat.snr;pos.parallax.trig}
# - name: pmra
#   unit: mas / yr
#   datatype: float64
#   description: Proper motion in right ascension direction
#   meta: !!omap
#   - {ucd: pos.pm;pos.eq.ra}
# - name: pmra_error
#   unit: mas / yr
#   datatype: float32
#   description: Standard error of proper motion in right ascension direction
#   meta: !!omap
#   - {ucd: stat.error;pos.pm;pos.eq.ra}
# - name: pmdec
#   unit: mas / yr
#   datatype: float64
#   description: Proper motion in declination direction
#   meta: !!omap
#   - {ucd: pos.pm;pos.eq.dec}
# - name: pmdec_error
#   unit: mas / yr
#   datatype: float32
#   description: Standard error of proper motion in declination direction
#   meta: !!omap
#   - {ucd: stat.error;pos.pm;pos.eq.dec}
# - name: astrometric_params_solved
#   datatype: int16
#   description: Which parameters have been solved for?
#   meta: !!omap
#   - {ucd: meta.number}
# - name: pseudocolour
#   unit: 1 / um
#   datatype: float32
#   description: Astrometrically estimated pseudocolour of the source
#   meta: !!omap
#   - {ucd: em.wavenumber}
# - name: pseudocolour_error
#   unit: 1 / um
#   datatype: float32
#   description: Standard error of the pseudocolour of the source
#   meta: !!omap
#   - {ucd: stat.error;em.wavenumber}
# - name: ipd_frac_multi_peak
#   datatype: int16
#   description: Percent of successful-IPD windows with more than one peak
#   meta: !!omap
#   - {ucd: stat.value}
# - name: ipd_frac_odd_win
#   datatype: int16
#   description: Percent of transits with truncated windows or multiple gate
#   meta: !!omap
#   - {ucd: stat.value}
# - name: ruwe
#   datatype: float32
#   description: Renormalised unit weight error
#   meta: !!omap
#   - {ucd: stat.error}
# - name: phot_g_mean_flux_over_error
#   datatype: float32
#   description: G-band mean flux divided by its error
#   meta: !!omap
#   - {ucd: stat.snr;phot.flux;em.opt}
# - name: phot_g_mean_mag
#   unit: mag
#   datatype: float32
#   description: G-band mean magnitude
#   meta: !!omap
#   - {ucd: phot.mag;em.opt}
# - name: phot_bp_mean_flux_over_error
#   datatype: float32
[...]
#   datatype: float64
#   meta: !!omap
#   - {ucd: None}
#   - {utype: None}
# - name: L2
#   datatype: float64
#   meta: !!omap
#   - {ucd: None}
#   - {utype: None}
# - name: L3
#   datatype: int64
#   meta: !!omap
#   - {ucd: None}
#   - {utype: None}
# - name: d
#   datatype: float64
#   meta: !!omap
#   - {ucd: None}
#   - {utype: None}
# - name: Age
#   datatype: float64
#   meta: !!omap
#   - {ucd: None}
#   - {utype: None}
# - name: Spots
#   datatype: int64
#   meta: !!omap
#   - {ucd: None}
#   - {utype: None}
# - name: ra_2
#   datatype: float64
#   meta: !!omap
#   - {ucd: None}
#   - {utype: None}
# - name: dec_2
#   datatype: float64
#   meta: !!omap
#   - {ucd: None}
#   - {utype: None}
# schema: astropy-2.0
separation_arcsec SOURCE_ID random_index ra dec parallax parallax_error parallax_over_error pmra pmra_error pmdec pmdec_error astrometric_params_solved pseudocolour pseudocolour_error ipd_frac_multi_peak ipd_frac_odd_win ruwe phot_g_mean_flux_over_error phot_g_mean_mag phot_bp_mean_flux_over_error phot_bp_mean_mag phot_rp_mean_flux_over_error phot_rp_mean_mag phot_bp_rp_excess_factor bp_rp radial_velocity radial_velocity_error rv_nb_transits rv_expected_sig_to_noise rv_renormalised_gof rv_chisq_pvalue phot_variable_flag l b in_qso_candidates in_galaxy_candidates non_single_star has_xp_continuous has_xp_sampled has_rvs has_epoch_photometry has_epoch_rv has_mcmc_gspphot has_mcmc_msc in_andromeda_survey teff_gspphot logg_gspphot mh_gspphot distance_gspphot ag_gspphot ebpminrp_gspphot wumacat_oid name Bibcode Type ET P dPdt Pc BibcodeP Solver q QT i a Omega f r1p r2p T1 T2 M1 M2 R1 R2 L1 L2 L3 d Age Spots ra_2 dec_2
[from data line 251]
0.368247239895067 5561726500769997696 258344809 109.36275288361823 -40.128742218487034 4.953471437273018 0.06410519 77.27099 -0.8933986787897314 0.07441893 -22.941581242935207 0.07453844 31 "" "" 0 0 4.1972246 97.65724 11.27207 32.014874 11.551777 33.679333 10.68962 1.2802814 0.86215687 "" "" "" "" "" "" """VARIABLE""" 251.83685931534467 -12.521933966942994 False False 1 True True False True False False True False "" "" "" "" "" "" 277 """GZ Pup""" """2005Ap&SS.300..289W""" """W""" 1 0.320267 "" "" """""" """WD""" 0.37 """PH""" 85.08 "" 2.58 0.159633 0.446013 0.283954 5770 6155 "" "" "" "" "" "" 0 "" "" 0 109.36275791666665 -40.12864
0.5543990037995974 1506787678352110848 1393142640 215.43341573821024 46.69981333695133 5.034359672108041 0.057800524 87.098854 -34.63818257085866 0.05472412 -1.7926416113941324 0.058984052 31 "" "" 0 0 3.7203107 161.05064 11.035225 51.001144 11.378823 56.248653 10.471106 1.2361982 0.9077177 "" "" "" "" "" "" """VARIABLE""" 86.67345565500719 63.56759174151313 False False 3 True True False True False False True False 5570.6655 4.3395 -0.0218 196.9254 0.0011 0.0006 278 """HH Boo""" """2015NewA...41...26G""" """A""" 0 0.318666208 -0.000832 7.39 """""" """WD""" 0.587 """SP""" 69.41 2.341 3.003375 0.105 0.40657 0.318331 5680 5386 1.068 0.627 0.997 0.782 0.749 0.57 0 190.33 "" 1 215.43363999999997 46.699821111111106
0.1863990571257893 762042921909228288 1766966898 166.20069555565954 35.60738398771409 3.823119662622705 0.016052652 238.16125 11.406266786800966 0.014699045 -2.135267624082328 0.016347094 31 "" "" 0 0 1.050281 232.40994 10.598554 74.59367 10.875304 78.706856 10.162514 1.1910099 0.7127905 "" "" "" "" "" "" """VARIABLE""" 185.80834301315437 65.80398991645637 False False 0 True True False True False True True False 5978.996 3.9666 -0.7316 260.0414 0.0036 0.0019 279 """HH UMa""" """2015NewA...34..271Y""" """A""" 0 0.375494 "" "" """""" """WD""" 0.295 """SP""" 52.4 2.58 2.379 0.413543 0.473402 0.277537 6550 6297 1.25 0.37 1.32 0.78 3.03 0.86 1 "" 4.625 0 166.20063291666662 35.607393333333334
0.21400166052822214 2157403476266324096 922604887 278.351558037917 58.70653725384777 3.7802788134698853 0.013829525 273.34842 6.484329767584473 0.017816667 11.640667997285368 0.017329445 31 "" "" 0 0 1.2076231 362.42535 8.987074 114.97471 9.123209 120.90904 8.72406 1.1760696 0.39914894 "" "" "" "" "" "" """VARIABLE""" 88.0183449527273 25.212716690507552 False False 0 True True False True False True True False 7299.966 3.9167 -0.5855 263.2113 0.0529 0.0284 280 """HI Dra""" """2014AJ....148..126C""" """A""" 0 0.597423 "" "" """""" """DC""" 0.25 """SP""" 54.74 3.8 2.3167 0.229657 0.478203 0.256898 7000 6550 1.7 0.42 1.97 1.07 7.87 1.8 1 "" 2.836 1 278.3515025 58.70648527777778
0.1738755214458007 5493804788438991872 1602218064 113.40913583516824 -50.123640777160325 3.9982291183407663 0.010712437 373.23242 -10.204363836408083 0.01427441 -3.8470923303300637 0.013317313 31 "" "" 0 0 0.98083043 135.15657 10.48747 44.719177 10.776302 46.612415 10.015552 1.2059218 0.7607508 "" "" "" "" "" "" """VARIABLE""" 262.37614106530145 -14.209350386832277 False False 0 True True False True False True True False 5859.636 3.9565 -0.4186 249.6228 0.0211 0.0114 281 """HI Pup""" """2014NewA...31...56U""" """A""" 1 0.43257 "" "" """""" """PHOEBE""" 0.206 """SP""" 82.2 2.72 2.221 0.202567 0.491136 0.241782 6500 6377 1.21 0.23 1.44 0.67 3.3 0.7 0 "" 4.412 1 113.40920624999998 -50.123623611111114
0.045354450844338846 923860835603992320 171031299 116.95957687682947 41.08939084507728 1.7540974794675552 0.014615121 120.019356 -2.8040943520648502 0.015349394 -0.5142256471973505 0.011110696 31 "" "" 1 0 1.0484792 105.29707 13.587876 33.183212 13.981307 36.310852 13.025982 1.2110416 0.9553251 -23.77143 5.3599405 15 9.21148 "" "" """VARIABLE""" 178.49470349538586 27.587309916553487 False False 4 True True False True False True True False 5752.8135 4.4948 0.2607 552.9026 0.1531 0.0813 282 """HL Lyn""" """2018NewA...62...46K""" """A""" 1 0.2921654 "" "" """""" """PHOEBE""" 0.502 """PH""" 77.6 "" 2.824 0.185835 0.423418 0.309911 5652 5489 "" "" "" "" "" "" 0 "" "" 0 116.95959333333332 41.08939305555556
0.989526758574878 316948833891290880 572322554 22.44956717277967 33.059659077223415 4.951973441001943 0.02083906 237.6294 -26.0850204436886 0.02168588 -56.08907301802746 0.016856436 95 1.5631727 0.004766141 0 0 0.98377436 280.9703 10.574736 89.57057 10.9103365 93.82982 10.082858 1.1945491 0.8274784 "" "" "" "" "" "" """VARIABLE""" 132.1294002827743 -29.126076512937324 False False 0 True True False True False True True False 5837.165 4.2565 -0.1001 199.5429 0.0723 0.0388 283 """HN Psc""" """2020NewA...8101439D""" """W""" 0 0.32952 "" "" """""" """PHOEBE""" 0.853 """PH""" 51.12 "" 3.48 0.056597 0.373024 0.34652 5124 5743 "" "" "" "" "" "" 0 "" "" 1 22.449705416666667 33.05990833333333
0.7445425650329571 2587191718181393408 38198258 22.568729467082676 13.556822158072318 5.1993665090246015 0.021234727 244.85205 27.880343257081396 0.021540944 -37.2622811430938 0.015204659 31 "" "" 0 0 0.90589863 108.60821 11.032814 30.534092 11.431162 32.683117 10.492824 1.194656 0.9383383 "" "" "" "" "" "" """VARIABLE""" 137.18195551797115 -48.23744384018681 False False 0 True True False True False False True False "" "" "" "" "" "" 285 """HO Psc""" """2012PASP..124..693S""" """A""" 0 0.32469898 "" "" """""" """WD""" 0.436 """PH""" 79.98 "" 2.73 0.07828 0.429303 0.292946 5705 5500 "" "" "" "" "" "" 0 "" "" 1 22.568601666666666 13.5569875
0.4623108846730615 1238475573811713408 1250930284 222.1375349396581 21.733511459644586 1.5122048733180795 0.041730285 36.237587 -5.907110404712878 0.031076135 -28.33023271195556 0.04214092 31 "" "" 0 0 2.951626 158.89603 13.314916 48.652653 13.633856 54.836628 12.789376 1.2236322 0.84447956 -49.809116 5.160891 24 13.649581 "" "" """VARIABLE""" 27.91142281748117 62.86848077951122 False False 0 True True False True False True True False 5754.93 4.2066 -0.1867 634.9609 0.0018 0.001 286 """HR Boo""" """2015AJ....149..146S""" """W""" 1 0.31596784 -0.014774 "" """""" """WD""" 0.244 """PH""" 84.9 "" 2.292278 0.307807 0.482582 0.258264 5743 5750 "" "" "" "" "" "" 0 "" "" 1 222.13756291666664 21.733637222222224
0.640079179872827 774558834567373184 1554993052 178.9085796860654 47.25723197214941 3.9930449451963095 0.019373395 206.10973 13.938694544009062 0.012894815 -37.54866387222057 0.022619624 31 "" "" 0 0 1.0756463 301.5127 8.6272545 96.75494 8.75462 98.252174 8.353465 1.1866072 0.40115452 "" "" "" "" "" "" """VARIABLE""" 147.7852628859673 67.08782213642425 False False 0 True True False True False True True False 7088.86 3.6472 -1.6013 251.5939 0.0011 0.0006 290 """HV UMa""" """2000A&A...356..603C""" """W""" 0 0.355385 "" "" """""" """Bynsyn""" 0.19 """SP""" 57.3 5.002 2.114118 0.77 0.514102 0.256585 7000 7910 2.8 0.2 2.62 1.18 14.797 4.894 0 "" 0.913 0 178.9084883333333 47.257398611111114
0.13881982861365785 6372939891908736256 722265728 305.95478055079707 -73.70607886406762 4.5184451960448575 0.012977523 348.1747 8.65218615281666 0.011191483 -0.45856687195242457 0.013840457 31 "" "" 0 0 0.91195625 98.42055 11.509084 33.308403 11.881004 35.75848 10.861962 1.2788172 1.019042 "" "" "" "" "" "" """VARIABLE""" 320.7269892618263 -32.385745500502374 False False 0 True True False True False False True False "" "" "" "" "" "" 292 """HY Pav""" """1996PASP..108..332L""" """W""" 0 0.3516555 "" "" """""" """WD""" 0.47 """PH""" 80.49 "" 2.796192 0.077231 0.423152 0.298859 4739 5000 "" "" "" "" "" "" 0 "" "" 1 305.9546433333333 -73.70607666666668
0.3989221531599953 5781382741880546048 1565064288 246.92480143122012 -74.84572835618263 2.7604422414106367 0.012239405 225.5373 4.235002038448435 0.009731249 -24.536702435476258 0.011614553 31 "" "" 0 0 0.82078767 119.404434 10.98026 38.91356 11.326052 40.29437 10.370828 1.2652942 0.95522404 "" "" "" "" "" "" """VARIABLE""" 315.7673935923466 -17.67322724340991 False False 0 True True False True False False True False "" "" "" "" "" "" 293 """II Aps""" """2005Ap&SS.300..289W""" """W""" 0 0.842266 "" "" """""" """WD""" 0.295 """PH""" 79.9 "" 2.4 0.299508 0.468845 0.272474 5555 5761 "" "" "" "" "" "" 0 "" "" 0 246.9247291666666 -74.84561916666667
0.12308818786052395 2949526429272771200 656276243 104.40171397399742 -13.243491490423773 2.196860764915572 0.027003238 81.35546 7.2747252874155395 0.027334087 -2.2714231579310646 0.02790106 31 "" "" 0 0 1.0882077 116.03575 14.970779 30.979456 15.7276535 39.691998 14.113017 1.2886828 1.6146364 "" "" "" "" "" "" """VARIABLE""" 225.4382342291602 -4.6544001937026795 False False 0 False False False True False True True False 4054.6428 4.3103 -0.5041 447.8451 0.0345 0.0184 294 """II CMa""" """2008PASJ...60..565L""" """A""" 0 0.22919704 "" "" """""" """WD""" 0.9 """PH""" 68.3 "" 3.5653 0.040804 0.367572 0.349998 4579 4475 "" "" "" "" "" "" 0 "" "" 0 104.40168041666665 -13.243481388888888
0.730687737145098 1571033237978735744 938771757 188.22816450681654 54.79519207601543 4.554639893832876 0.03048796 149.39143 -43.993604372411205 0.029577728 -12.44744407692054 0.028501399 31 "" "" 41 0 1.479467 179.16566 8.361039 58.805992 8.348873 61.771526 7.7770433 1.454184 0.5718298 "" "" "" "" "" "" """VARIABLE""" 128.64615647851966 62.12704699726767 False False 0 True True False True False False True False "" "" "" "" "" "" 296 """II UMa""" """2016AJ....151...67Z""" """A""" 1 0.82522 0.042163 "" """""" """WD""" 0.172 """SP""" 77.7 4.909 2.0656 0.868578 0.522694 0.252213 6424 6418 1.99 0.34 "" "" "" "" 1 "" "" 0 188.22850333333332 54.79524722222222
0.8853013000884483 1571033242274284800 1646533447 188.2282278960367 54.79543500176211 4.371813273685473 0.06599235 66.24728 -44.12184351604515 0.21943864 -11.852884522979679 0.07072108 95 1.5725019 0.011164529 5 0 1.8251184 "" "" 9.303624 8.220488 20.484161 7.832791 "" 0.38769674 "" "" "" "" "" "" """NOT_AVAILABLE""" 128.64599937306443 62.12681257541358 False False 0 False False False False False False True False "" "" "" "" "" "" 296 """II UMa""" """2016AJ....151...67Z""" """A""" 1 0.82522 0.042163 "" """""" """WD""" 0.172 """SP""" 77.7 4.909 2.0656 0.868578 0.522694 0.252213 6424 6418 1.99 0.34 "" "" "" "" 1 "" "" 0 188.22850333333332 54.79524722222222
0.4128395567719802 1453085193988180480 831166940 212.19241043660148 29.485564321100586 4.315761562255442 0.025937235 166.39252 -25.20922068889163 0.031148745 5.805669188482109 0.023835585 31 "" "" 16 0 1.3956755 240.16148 11.264285 90.71765 11.597607 96.2153 10.747795 1.2108496 0.84981155 "" "" "" "" "" "" """VARIABLE""" 45.36101861401042 72.83680685303517 False False 0 True True False True False True True False 5477.3823 4.2445 -0.9524 228.7783 0.0017 0.0009 297 """IK Boo""" """2017PASJ...69...62K""" """A""" 0 0.303117 -0.028339 9.74 """""" """WD""" 0.873 """PH""" 61.3 2.329 3.535777 0.008401 0.368069 0.345331 5781 5422 0.986 0.86 0.91 0.854 0.641 0.729 0 "" "" 1 212.19253874999998 29.485538333333334
0.000888625034925082 228201031304747008 1765491761 67.3644057421015 42.0529403281598 "" "" "" "" "" "" "" 3 "" "" 44 0 "" 80.18859 11.325411 46.34513 11.501999 49.788406 10.477874 1.5351719 1.0241251 "" "" "" "" "" "" """NOT_AVAILABLE""" 160.26157032225404 -4.48967994075662 False False 0 True True False False False False False False "" "" "" "" "" "" 298 """IK Per""" """2005AJ....129.2806Z""" """A""" 1 0.67603467 -0.0216 50.5 """""" """WD""" 0.191 """PH""" 77.75 4.298 2.1464 0.520627 0.506055 0.247552 9070 7470 1.99 0.34 2.4 1.15 35.04 5.67 0 "" 1.27 1 67.36440541666666 42.05294027777777
0.5606069091236471 3680529966125234304 608548052 189.53511483789865 -3.9881430436109917 3.55010338661575 0.050145015 70.79674 -34.27430197151873 0.056387816 7.347467328532905 0.049401455 31 "" "" 0 0 2.779011 122.54134 11.678292 41.77861 11.98299 45.02957 11.094499 1.2684186 0.88849163 "" "" "" "" "" "" """VARIABLE""" 296.5354253995351 58.718359687611255 False False 1 True True False True False False True False "" "" "" "" "" "" 299 """IR Vir""" """1995IBVS.4257....1G""" """A""" 0 0.36942 "" "" """""" """Binary Maker""" 0.55 """PH""" 79.8 "" 2.964235 0.02 0.407353 0.308359 6620 6600 "" "" "" "" "" "" 0 "" "" 0 189.53526749999997 -3.988175555555556
0.21757663755566484 1597680284530218240 24724234 234.09678293335733 53.319798356795395 3.1733304044274715 0.042722456 74.27781 -13.525147927471902 0.044757944 -1.7048424604302477 0.054742936 31 "" "" 0 0 4.719097 156.2017 13.260428 48.65944 13.805681 55.940018 12.558002 1.242766 1.2476788 -28.22632 3.8795447 23 18.948277 "" "" """VARIABLE""" 85.20266241819692 49.948920739380284 False False 1 True True False True False True True False 4763.3184 4.4189 0.0507 315.1756 0.0753 0.0396 300 """IV Dra""" """1998IBVS.4610....1R""" """W""" 0 0.26805 "" "" """""" """Binary Maker""" 0.5 """PH""" 69.0 "" 2.816128 0.2 0.424471 0.310354 5400 5600 "" "" "" "" "" "" 0 "" "" 1 234.0968833333333 53.319805833333334
0.051230760138254595 2127824281316283904 201373658 290.099524268898 46.987137000331245 0.44872444223582353 0.011250377 39.885284 -0.8086880217909765 0.013657553 -3.151859110118128 0.014505255 31 "" "" 0 0 0.93549585 256.38376 13.858927 86.71451 14.099369 89.929794 13.471969 1.182323 0.6274004 -97.37579 14.424479 26 7.913397 "" "" """VARIABLE""" 78.48685884847202 14.886362461358102 False False 4 True True False True False True True False 6453.3594 3.7877 -0.4434 2001.3066 0.0388 0.0209 302 """KIC 10007533""" """2016PASA...33...43S""" """A""" 1 0.648064 "" "" """""" """PHOEBE""" 0.081 """PH""" 80.7 4.205 1.8702 0.535518 0.555741 0.189195 6808 6338 2.199 0.178 2.566 0.881 12.668 1.124 0 "" 3.05 0 290.0995291666666 46.98715083333333
0.02500759295432951 2085669108591519232 964066947 299.02001842225064 47.22050775095934 1.1233264209629303 0.014510812 77.41306 0.4299916374673368 0.01755018 1.46690325929989 0.0193676 31 "" "" 0 0 1.1943443 211.85619 11.83162 70.19143 12.090474 75.45529 11.396993 1.1995325 0.69348145 -24.587961 4.1152062 22 36.157616 15.161148 0.0 """VARIABLE""" 81.51226146853165 9.580920017418757 False False 4 True True True True False False True False 6104.6665 3.6478 0.0123 962.386 0.0026 0.0014 303 """KIC 10229723""" """2016PASA...33...43S""" """A""" 1 0.628724 "" "" """""" """PHOEBE""" 0.105 """PH""" 76.2 4.094 1.9728 0.023131 0.531887 0.193207 6201 5904 2.11 0.222 2.363 0.852 7.398 0.789 0 "" 4.025 0 299.02001541666664 47.22050111111111
0.05493286708178645 2130812685200870016 371673147 288.869235514706 47.36997090642834 0.6487170160666699 0.012127348 53.492077 -3.1034618062706523 0.015027499 -1.5145918479433198 0.01739519 31 "" "" 0 0 0.962281 158.09146 14.058154 46.422104 14.313304 51.658127 13.671757 1.1741931 0.6415472 "" "" "" "" "" "" """VARIABLE""" 78.50436992574356 15.805905416556728 False False 4 True True False True False True True False 6344.735 4.0509 -0.3984 1444.4984 0.0033 0.0018 304 """KIC 10267044""" """2017MNRAS.466.2488Z""" """A""" 1 0.43003645 "" "" """""" """WD""" 0.24 """PH""" 89.56 "" 2.2463 0.548342 0.492372 0.266649 6808 6700 "" "" "" "" "" "" 1 "" "" 0 288.86925583333334 47.3699775
