data/WUMaCat_cross_with_gaia.ecsv
# %ECSV 1.0
# ---
# datatype:
# - {name: separation_arcsec, datatype: float64}
# - name: SOURCE_ID
#   datatype: int64
#   description: Unique source identifier (unique within a particular Data Release)
#   meta: !!omap
#   - {ucd: meta.id}
# - name: random_index
#   datatype: int64
#   description: Random index for use when selecting subsets
#   meta: !!omap
#   - {ucd: meta.code}
# - name: ra
#   unit: deg
#   datatype: float64
#   description: Right ascension
#   meta: !!omap
#   - {ucd: pos.eq.ra;meta.main}
#   - {utype: Char.SpatialAxis.Coverage.Location.Coord.Position2D.Value2.C1}
# - name: dec
#   unit: deg
#   datatype: float64
#   description: Declination
#   meta: !!omap
#   - {ucd: pos.eq.dec;meta.main}
#   - {utype: Char.SpatialAxis.Coverage.Location.Coord.Position2D.Value2.C2}
# - name: parallax
#   unit: mas
#   datatype: float64
#   description: Parallax
#   meta: !!omap
#   - {ucd: pos.parallax.trig}
# - name: parallax_error
#   unit: mas
#   datatype: float32
#   description: Standard error of parallax
#   meta: !!omap
#   - {ucd: stat.error;pos.parallax.trig}
# - name: parallax_over_error
#   datatype: float32
#   description: Parallax divided by its standard error
#   meta: !!omap
#   - {ucd: stat.snr;pos.parallax.trig}
# - name: pmra
#   unit: mas / yr
#   datatype: float64
#   description: Proper motion in right ascension direction
#   meta: !!omap
#   - {ucd: pos.pm;pos.eq.ra}
# - name: pmra_error
#   unit: mas / yr
#   datatype: float32
#   description: Standard error of proper motion in right ascension direction
#   meta: !!omap
#   - {ucd: stat.error;pos.pm;pos.eq.ra}
# - name: pmdec
#   unit: mas / yr
#   datatype: float64
#   description: Proper motion in declination direction
#   meta: !!omap
#   - {ucd: pos.pm;pos.eq.dec}
# - name: pmdec_error
#   unit: mas / yr
#   datatype: float32
#   description: Standard error of proper motion in declination direction
#   meta: !!omap
#   - {ucd: stat.error;pos.pm;pos.eq.dec}
# - name: astrometric_params_solved
#   datatype: int16
#   description: Which parameters have been solved for?
#   meta: !!omap
#   - {ucd: meta.number}
# - name: pseudocolour
#   unit: 1 / um
#   datatype: float32
#   description: Astrometrically estimated pseudocolour of the source
#   meta: !!omap
#   - {ucd: em.wavenumber}
# - name: pseudocolour_error
#   unit: 1 / um
#   datatype: float32
#   description: Standard error of the pseudocolour of the source
#   meta: !!omap
#   - {ucd: stat.error;em.wavenumber}
# - name: ipd_frac_multi_peak
#   datatype: int16
#   description: Percent of successful-IPD windows with more than one peak
#   meta: !!omap
#   - {ucd: stat.value}
# - name: ipd_frac_odd_win
#   datatype: int16
#   description: Percent of transits with truncated windows or multiple gate
#   meta: !!omap
#   - {ucd: stat.value}
# - name: ruwe
#   datatype: float32
#   description: Renormalised unit weight error
#   meta: !!omap
#   - {ucd: stat.error}
# - name: phot_g_mean_flux_over_error
#   datatype: float32
#   description: G-band mean flux divided by its error
#   meta: !!omap
#   - {ucd: stat.snr;phot.flux;em.opt}
# - name: phot_g_mean_mag
#   unit: mag
#   datatype: float32
#   description: G-band mean magnitude
#   meta: !!omap
#   - {ucd: phot.mag;em.opt}
# - name: phot_bp_mean_flux_over_error
#   datatype: float32
[...]
#   datatype: float64
#   meta: !!omap
#   - {ucd: None}
#   - {utype: None}
# - name: L2
#   datatype: float64
#   meta: !!omap
#   - {ucd: None}
#   - {utype: None}
# - name: L3
#   datatype: int64
#   meta: !!omap
#   - {ucd: None}
#   - {utype: None}
# - name: d
#   datatype: float64
#   meta: !!omap
#   - {ucd: None}
#   - {utype: None}
# - name: Age
#   datatype: float64
#   meta: !!omap
#   - {ucd: None}
#   - {utype: None}
# - name: Spots
#   datatype: int64
#   meta: !!omap
#   - {ucd: None}
#   - {utype: None}
# - name: ra_2
#   datatype: float64
#   meta: !!omap
#   - {ucd: None}
#   - {utype: None}
# - name: dec_2
#   datatype: float64
#   meta: !!omap
#   - {ucd: None}
#   - {utype: None}
# schema: astropy-2.0
separation_arcsec SOURCE_ID random_index ra dec parallax parallax_error parallax_over_error pmra pmra_error pmdec pmdec_error astrometric_params_solved pseudocolour pseudocolour_error ipd_frac_multi_peak ipd_frac_odd_win ruwe phot_g_mean_flux_over_error phot_g_mean_mag phot_bp_mean_flux_over_error phot_bp_mean_mag phot_rp_mean_flux_over_error phot_rp_mean_mag phot_bp_rp_excess_factor bp_rp radial_velocity radial_velocity_error rv_nb_transits rv_expected_sig_to_noise rv_renormalised_gof rv_chisq_pvalue phot_variable_flag l b in_qso_candidates in_galaxy_candidates non_single_star has_xp_continuous has_xp_sampled has_rvs has_epoch_photometry has_epoch_rv has_mcmc_gspphot has_mcmc_msc in_andromeda_survey teff_gspphot logg_gspphot mh_gspphot distance_gspphot ag_gspphot ebpminrp_gspphot wumacat_oid name Bibcode Type ET P dPdt Pc BibcodeP Solver q QT i a Omega f r1p r2p T1 T2 M1 M2 R1 R2 L1 L2 L3 d Age Spots ra_2 dec_2
[from data line 137]
0.1485903876344369 1006450754604841984 168751340 92.23202102070279 62.453688821981416 1.6497739614853397 0.03416968 48.281807 7.594267654629452 0.022788273 -5.331754536107308 0.022962201 31 "" "" 0 0 0.98692536 118.92044 15.587628 36.22368 16.330835 37.169876 14.746381 1.2792563 1.5844545 "" "" "" "" "" "" """VARIABLE""" 151.6969990307654 19.17084483166747 False False 0 True False False True False True True False 4543.9746 4.604 0.4606 513.9987 0.3568 0.1866 152 """CRTS J060855.6+622713""" """2019MNRAS.485.4588L""" """W""" 1 0.22932 "" "" """""" """WD""" 0.402 """PH""" 83.3 "" 2.64642 0.147883 0.438964 0.289992 4196 4387 "" "" "" "" "" "" 0 "" "" 0 92.23194791666666 62.4537125
0.05039414301235492 926879957095390208 629111166 115.96195114042489 45.272393152903675 0.9433459384404617 0.053664975 17.578428 1.2265469837753844 0.056567732 2.842068034860212 0.044377096 31 "" "" 0 0 1.0823029 74.318565 16.448818 21.614723 17.03159 23.173328 15.686552 1.2734071 1.3450375 "" "" "" "" "" "" """VARIABLE""" 173.70455331421095 27.771104765088687 False False 0 True False False True False True True False 4618.135 4.6446 0.4328 915.2988 0.0173 0.009 153 """CRTS J074350.9+451620""" """2020AJ....159..189L""" """W""" 0 0.227324 0.026006 "" """""" """WD""" 0.43 """PH""" 81.1 1.54 2.692093 0.176855 0.435152 0.296724 4312 4471 0.66 0.28 0.7 0.48 0.2 0.1 1 "" 10.419 0 115.96194333333332 45.27238027777778
0.20860018636876868 1522444139815656192 1594066020 197.4380115013452 37.27409466367366 1.6337424678862635 0.050478905 32.364853 4.553044322901591 0.028313026 -12.25307142303594 0.037203506 31 "" "" 0 0 1.050757 176.37839 16.311335 52.459843 17.222754 52.048695 15.340289 1.3427672 1.8824644 "" "" "" "" "" "" """VARIABLE""" 103.22221713676934 79.14367279284306 False False 0 True False False True False True True False 3854.2795 4.3992 -0.4222 565.8792 0.1472 0.0825 154 """CRTS J130945.0+371627""" """2020AJ....159..189L""" """W""" 0 0.211132 -0.011923 "" """""" """WD""" 0.273 """PH""" 73.1 1.26 2.35726 0.288767 0.473899 0.2661 3654 3762 0.47 0.13 0.63 0.37 0.09 0.04 0 "" "" 1 197.43798583333333 37.27414888888889
0.29367176700078945 3652057081731342976 1583657409 223.10223047719705 1.2560815646636028 3.1628357875972983 0.037283503 84.83205 -15.023817797609968 0.03711792 10.588147881531619 0.031493988 31 "" "" 0 0 1.1611274 63.285233 15.139749 19.655056 16.06632 20.375965 14.189798 1.3186148 1.8765221 "" "" "" "" "" "" """NOT_AVAILABLE""" 356.3058625846335 51.13904496055077 False False 0 False False False False False True True False 4394.643 4.6488 0.4842 308.6548 0.6502 0.3452 155 """CRTS J145224.5+011522""" """2020AJ....159..189L""" """W""" 0 0.196014 0.012269 "" """""" """WD""" 0.517 """PH""" 77.0 1.33 2.865891 0.136865 0.418555 0.309638 3807 3898 0.54 0.28 0.61 0.44 0.08 0.04 0 "" 10.717 0 223.1022970833333 1.2560344444444445
0.07230194365138859 1388371031954400256 393698766 229.12951213464555 38.440550817404045 0.8481248869776664 0.04608602 18.403084 -0.8832926052420297 0.040675625 4.410512541878627 0.0565608 31 "" "" 0 0 1.0126052 105.61286 16.689674 31.67179 17.263958 37.21992 15.940486 1.2665647 1.323472 "" "" "" "" "" "" """VARIABLE""" 62.73067803162851 57.7259308385478 False False 0 True False False True False False True False 4479.144 4.6439 0.0239 862.7092 0.0074 0.0039 156 """CRTS J151631.0+382626""" """2019MNRAS.485.4588L""" """W""" 1 0.227192 "" "" """""" """WD""" 0.482 """PH""" 85.9 "" 2.783164 0.202969 0.427425 0.307542 4741 4946 "" "" "" "" "" "" 0 "" "" 0 229.12951708333333 38.440531111111106
0.40202016534518037 2833270082699709824 1185658112 340.06431423379485 18.793906603746446 1.4286772738505062 0.12404126 11.517758 -10.644005555600337 0.13296062 -22.790250161659046 0.12168964 31 "" "" 0 0 3.3032286 94.38239 15.607415 30.995708 16.251858 34.717083 14.773828 1.3076658 1.4780302 "" "" "" "" "" "" """VARIABLE""" 84.64592852249484 -34.148864699872206 False False 0 True False False True False True True False 4238.601 4.4641 -0.3489 561.3574 0.0066 0.0035 157 """CRTS J224015.4+184738""" """2020AJ....159..189L""" """W""" 0 0.218802 0.012787 "" """""" """WD""" 0.4 """PH""" 77.3 1.51 2.643143 0.141974 0.439165 0.289229 4441 4643 0.69 0.28 0.7 0.47 0.17 0.09 0 "" 10.825 1 340.0643641666667 18.79400777777778
0.19636225228769041 1924270697231915904 1455310343 350.25056529908977 41.126822811420126 1.6775551320813549 0.03175465 52.828644 -5.508526339513321 0.02253974 -11.015874610241797 0.029054003 31 "" "" 0 0 1.3583091 138.70538 15.144626 44.881573 15.848731 52.091606 14.283309 1.3097116 1.565422 -32.10766 9.715051 25 4.462151 "" "" """VARIABLE""" 105.14131001776967 -18.599807455232906 False False 4 True False False True False True True False 4401.947 4.4034 0.497 595.418 0.1376 0.0723 158 """CRTS J232100.1+410736""" """2019MNRAS.485.4588L""" """W""" 1 0.211984 "" "" """""" """WD""" 0.447 """PH""" 82.8 "" 2.730666 0.155191 0.431007 0.298807 4265 4431 "" "" "" "" "" "" 1 "" "" 0 350.25059749999997 41.126871666666666
0.27100092770387696 368600694708950272 1718205698 10.019795296622242 38.9254450076409 2.749861986461195 0.018960323 145.03244 -6.087645662646907 0.016271604 -15.853790286718386 0.014829739 31 "" "" 0 0 1.0964438 82.307915 13.958385 27.220867 14.557268 29.645288 13.208925 1.2572018 1.3483429 "" "" "" "" "" "" """VARIABLE""" 120.51595678250831 -23.89301547911904 False False 4 True True False True False False True True 4808.3423 4.5388 0.4866 348.3441 0.0814 0.0422 159 """CSS J004004.7+385531""" """2016RAA....16..135K""" """A""" 1 0.251206 "" "" """""" """PHOEBE""" 0.548 """PH""" 89.77 1.798 2.9 0.206726 0.417653 0.318395 4560 4560 0.798 0.437 0.808 0.619 0.245 0.149 0 "" "" 1 10.019829999999999 38.92551527777778
0.18090533150661867 342812955149513344 757202990 28.424611423669784 38.27808663811807 1.1572617494548025 0.052147307 22.192167 -4.088729555727289 0.04741503 -10.608212689607745 0.05072865 31 "" "" 0 3 3.3457944 133.81601 13.444744 45.224365 13.747386 48.79621 12.959209 1.2071016 0.78817654 "" "" "" "" "" "" """VARIABLE""" 136.15944896141755 -22.989216852272296 False False 0 True True False True False True True False 6005.1807 4.1538 -0.2944 776.7043 0.1087 0.0587 160 """CSS J015341.9+381641""" """2017RAA....17...42K""" """A""" 0 0.347518 "" "" """""" """PHOEBE""" 0.892 """PH""" 70.0 "" 3.49 0.166605 0.376614 0.357602 5765 5657 "" "" "" "" "" "" 0 "" "" 1 28.424634166666664 38.27813361111111
0.07475519082984451 998330551996667136 1473038444 97.0135796517538 57.267683432349884 1.445533260811004 0.01588015 91.02768 -0.8455180412400449 0.011469971 -4.638303577293036 0.009993795 31 "" "" 0 0 1.0999537 322.75925 13.52461 103.10751 13.908427 115.45112 12.967611 1.2123542 0.9408159 23.576515 4.48158 34 15.515419 "" "" """VARIABLE""" 157.73764008755606 19.545870837571435 False False 0 True True False True False True True False 5701.0327 4.272 -0.2296 671.686 0.1656 0.0885 161 """CSS J062803.2+571604""" """2018NewA...62...46K""" """A""" 0 0.3224327 "" "" """""" """PHOEBE""" 0.893 """PH""" 57.0 "" 3.515 0.119246 0.373356 0.354509 5992 4834 "" "" "" "" "" "" 0 "" "" 1 97.01358624999999 57.26770388888889
0.004209173148594001 980212112198364416 795140306 109.55524414575993 50.83332440343813 0.3505778192549785 0.079821184 4.39204 0.12471304277936476 0.063775964 -0.2144064087917823 0.05545842 31 "" "" 0 0 3.3833137 245.40346 14.261227 81.46072 14.558007 83.76361 13.794655 1.1986746 0.7633524 "" "" "" "" "" "" """VARIABLE""" 166.6302474187168 24.775805273876603 False False 0 False False False True False True True False 5848.475 3.9651 -0.6205 1315.0925 0.0343 0.0186 162 """CSS J071813.2+505000""" """2017RMxAA..53..133K""" """A""" 0 0.38635 "" "" """""" """PHOEBE""" 0.485 """PH""" 58.9 "" 2.845 0.006551 0.417122 0.297715 6420 6193 "" "" "" "" "" "" 0 "" "" 0 109.55524291666664 50.83332527777778
0.09463317160313074 919285905159922944 1631808796 117.89856290927693 38.341260927546145 1.062923474462806 0.020584395 51.63734 -4.554956408403173 0.022074847 -3.9132617898350177 0.0137889655 31 "" "" 0 0 1.0034297 71.26147 14.24812 22.35388 14.631481 23.533018 13.717113 1.1959375 0.9143686 "" "" "" "" "" "" """VARIABLE""" 181.70087780369337 27.64512403231227 False False 4 True True False True False False True False "" "" "" "" "" "" 163 """CSS J075135.6+382028""" """2018NewA...62...46K""" """A""" 0 0.3525725 "" "" """""" """PHOEBE""" 0.82 """PH""" 89.6 "" 3.38 0.154515 0.382537 0.349531 5591 5521 "" "" "" "" "" "" 0 "" "" 1 117.89858833333331 38.341278055555556
0.07572849213956297 919283603057448320 768393314 118.0235007221487 38.318944977844005 0.4594322618022965 0.02541198 18.079357 1.413063257661103 0.023299158 -4.563376157853563 0.017238682 31 "" "" 0 0 0.9328296 300.08472 14.522124 102.72927 14.746593 104.99308 14.153818 1.1806968 0.59277534 "" "" "" "" "" "" """VARIABLE""" 181.7520702177719 27.734838620546288 False False 0 True True False True False True True False 6904.6377 4.2084 -0.2403 1782.2463 0.2107 0.1135 164 """CSS J075205.6+381909""" """2017BlgAJ..27...83K""" """A""" 0 0.549284 "" "" """""" """PHOEBE""" 0.36 """PH""" 58.5 "" 2.59 0.024149 0.442327 0.27566 6525 4580 "" "" "" "" "" "" 0 "" "" 1 118.02349249999999 38.318965000000006
0.1708436516593512 919277104770589056 865090918 118.24218035560402 38.3430251836508 1.0979351825631005 0.019195851 57.19648 7.011865370956901 0.017177397 -8.03518061591355 0.01249956 31 "" "" 1 0 1.3453504 132.26186 13.080949 43.518097 13.352587 44.05007 12.639129 1.1970196 0.71345806 -2.774027 10.554583 15 12.215843 "" "" """VARIABLE""" 181.77219615289962 27.90714483202713 False False 0 True True False True False True True False 6255.5103 4.1159 0.0785 894.5765 0.0007 0.0003 165 """CSS J075258.0+382035""" """2017RMxAA..53..235K""" """W""" 1 0.429914 "" "" """""" """PHOEBE""" 0.178 """PH""" 84.3 "" 2.1065 0.627826 0.513424 0.246287 6094 6227 "" "" "" "" "" "" 0 "" "" 0 118.24214041666666 38.34306083333333
0.2820428666595922 874188989071012608 1114224273 118.45885608123331 26.808505051548003 2.0517383675641194 0.022124613 92.73556 -14.797968209792995 0.023178322 9.61622351289718 0.013336978 31 "" "" 0 0 1.0995262 69.652 13.978758 22.099026 14.423143 23.722113 13.349794 1.2329042 1.073349 "" "" "" "" "" "" """VARIABLE""" 194.1732662942424 24.787644915208823 False False 0 True True False True False False True False 5244.017 4.5593 0.3158 482.4622 0.0019 0.001 166 """CSS J075350.1+264830""" """2018NewA...62...46K""" """W""" 1 0.2606906 "" "" """""" """PHOEBE""" 0.45 """PH""" 86.42 "" 2.7275 0.187571 0.432075 0.301015 5035 5276 "" "" "" "" "" "" 0 "" "" 1 118.45892958333332 26.80846222222222
0.12259192045898071 1601272560816937216 904509329 233.31130580520139 56.0911743210882 3.8693928146444994 0.01148603 336.87817 -3.607318676170018 0.013255137 6.7315010273212685 0.014125335 31 "" "" 0 0 1.1158092 117.553474 12.695442 36.82501 13.192583 40.765507 12.042584 1.2267777 1.1499987 -26.931652 24.588339 32 32.341064 87.04043 0.0 """VARIABLE""" 89.34501824568792 49.13433717318056 False False 0 True True False True False True True False 4960.6113 4.4694 0.1097 257.5525 0.0031 0.0016 167 """CSS J153314.8+560527""" """2017RMxAA..53..235K""" """A""" 1 0.264594 "" "" """""" """PHOEBE""" 0.385 """PH""" 86.0 "" 2.502 0.61691 0.464505 0.310607 4933 4933 "" "" "" "" "" "" 0 "" "" 1 233.31133416666665 56.091144166666666
0.40530898833854434 1361575761786708864 746065481 258.54160727200434 44.980974927005946 1.3292550741000402 0.021744803 61.129787 -20.26912625915212 0.026618943 -15.230799459562462 0.027162809 31 "" "" 1 0 1.0149615 119.73013 15.394231 34.829685 15.882674 40.53434 14.725114 1.2420555 1.1575603 "" "" "" "" "" "" """VARIABLE""" 70.52590555813474 35.560332767098615 False False 0 True False False True False True True False 5453.179 4.5611 -0.5407 705.1935 0.5325 0.288 168 """CSS J171410.0+445850""" """2016SerAJ.192...21K""" """A""" 0 0.221462 "" "" """""" """PHOEBE""" 0.519 """PH""" 74.1 "" 2.835311 0.249 0.424175 0.316205 5150 5080 "" "" "" "" "" "" 0 "" "" 0 258.5417345833333 44.9810425
0.04588278446370132 1881893354432317312 1015217514 335.4881743045257 27.885946702840965 0.16913951431631483 0.12048844 1.4037821 1.6141422270551717 0.15759817 2.2678905623852383 0.1383592 31 "" "" 0 0 3.6398616 112.94707 15.7388315 38.285378 16.095524 35.22744 15.147412 1.2478846 0.94811153 "" "" "" "" "" "" """VARIABLE""" 86.86300605397449 -24.323639188482343 False False 0 True False False True False True True False 5580.4814 4.5105 -0.3594 1177.3315 0.0322 0.0172 170 """CSS J222157.2+275308""" """2018NewA...62...46K""" """W""" 0 0.3523398 "" "" """""" """PHOEBE""" 0.624 """PH""" 74.3 "" 3.0584 0.134412 0.403277 0.325103 4661 4819 "" "" "" "" "" "" 0 "" "" 1 335.4881658333333 27.88593638888889
0.6457868886053718 2733348763773973248 1441846181 340.8584209664758 15.75899626973777 3.5466802732656966 0.016944123 209.31624 40.251253588853025 0.018697448 2.6989573939366216 0.017767074 31 "" "" 1 0 1.1410332 195.6441 13.370169 63.72549 13.918703 75.28338 12.611134 1.284466 1.3075695 "" "" "" "" "" "" """VARIABLE""" 83.21141756947495 -37.051582424742925 False False 0 True True False True False True True False 4669.581 4.4415 -0.1755 278.7553 0.133 0.0704 172 """CSS J224326.0+154532""" """2016SerAJ.192...21K""" """A""" 0 0.223228 "" "" """""" """PHOEBE""" 0.41 """PH""" 60.6 "" 2.637035 0.246 0.442078 0.2964 4500 4500 "" "" "" "" "" "" 0 "" "" 0 340.8582349999999 15.758984166666666
0.12274017575783427 4871145409392265088 23659673 67.35335169667594 -33.57620766355687 2.6064704652677615 0.01586317 164.30954 7.655464143242221 0.015330107 -0.35701643056785715 0.0197815 31 "" "" 1 0 1.148927 121.59919 10.283531 40.19508 10.466856 41.811028 9.9749565 1.1718444 0.4918995 25.304562 12.860421 24 100.51994 73.780945 0.0 """VARIABLE""" 234.75285921826512 -43.06537591444607 False False 0 True True True True False False True False "" "" "" "" "" "" 173 """CT Eri""" """2011MNRAS.412.1787D""" """A""" 0 0.634196 "" "" """""" """WD""" 0.3 """SP""" 69.4 3.987 2.337 0.690826 0.483806 0.292082 6881 5086 1.623 0.487 2.093 1.3 8.801 1.013 0 "" 4.911 0 67.35331083333332 -33.57620583333334
0.3172486720636692 69948116558111488 1716372343 56.90388179052674 25.387698400115237 2.8488768940292393 0.022457799 126.854675 18.002973939729895 0.029837225 -8.183646401590757 0.017892228 31 "" "" 0 0 0.9752534 113.703926 11.435756 35.46724 11.810406 37.40461 10.902318 1.2015795 0.90808773 "" "" "" "" "" "" """VARIABLE""" 165.75626504481278 -22.485254243011674 False False 0 True True False True False True True False 5618.7783 4.131 -0.2722 345.8344 0.0037 0.002 174 """CU Tau""" """2005AJ....130..224Q""" """W""" 0 0.41253776 -0.156384 "" """""" """WD""" 0.177 """PH""" 73.95 "" 2.1176 0.501099 0.510221 0.241155 5900 5938 "" "" "" "" "" "" 0 "" "" 0 56.90379291666666 25.387734722222223
0.061019796016140125 2072141954494520192 316348904 298.5871202051817 38.04722863809585 1.4270382567691795 0.010011246 142.54352 2.105854794749575 0.011047906 3.1226983558506953 0.010732858 31 "" "" 0 0 0.81830007 152.09294 10.840095 50.2944 11.059604 51.600998 10.431617 1.2056708 0.6279869 "" "" "" "" "" "" """VARIABLE""" 73.3634756413905 5.22384262995144 False False 0 True True False True False True True False 6466.314 3.6475 0.0316 690.8259 0.0852 0.0457 175 """CV Cyg""" """1996MNRAS.280..489V""" """W""" 1 0.9834308 "" "" """""" """Bynsyn""" 0.21 """PH""" 79.6 "" 2.192354 0.49 0.498936 0.253808 6000 6149 "" "" "" "" "" "" 0 "" "" 1 298.5871079166666 38.04721472222222
