data/WUMaCat_cross_with_gaia.ecsv
# %ECSV 1.0
# ---
# datatype:
# - {name: separation_arcsec, datatype: float64}
# - name: SOURCE_ID
#   datatype: int64
#   description: Unique source identifier (unique within a particular Data Release)
#   meta: !!omap
#   - {ucd: meta.id}
# - name: random_index
#   datatype: int64
#   description: Random index for use when selecting subsets
#   meta: !!omap
#   - {ucd: meta.code}
# - name: ra
#   unit: deg
#   datatype: float64
#   description: Right ascension
#   meta: !!omap
#   - {ucd: pos.eq.ra;meta.main}
#   - {utype: Char.SpatialAxis.Coverage.Location.Coord.Position2D.Value2.C1}
# - name: dec
#   unit: deg
#   datatype: float64
#   description: Declination
#   meta: !!omap
#   - {ucd: pos.eq.dec;meta.main}
#   - {utype: Char.SpatialAxis.Coverage.Location.Coord.Position2D.Value2.C2}
# - name: parallax
#   unit: mas
#   datatype: float64
#   description: Parallax
#   meta: !!omap
#   - {ucd: pos.parallax.trig}
# - name: parallax_error
#   unit: mas
#   datatype: float32
#   description: Standard error of parallax
#   meta: !!omap
#   - {ucd: stat.error;pos.parallax.trig}
# - name: parallax_over_error
#   datatype: float32
#   description: Parallax divided by its standard error
#   meta: !!omap
#   - {ucd: stat.snr;pos.parallax.trig}
# - name: pmra
#   unit: mas / yr
#   datatype: float64
#   description: Proper motion in right ascension direction
#   meta: !!omap
#   - {ucd: pos.pm;pos.eq.ra}
# - name: pmra_error
#   unit: mas / yr
#   datatype: float32
#   description: Standard error of proper motion in right ascension direction
#   meta: !!omap
#   - {ucd: stat.error;pos.pm;pos.eq.ra}
# - name: pmdec
#   unit: mas / yr
#   datatype: float64
#   description: Proper motion in declination direction
#   meta: !!omap
#   - {ucd: pos.pm;pos.eq.dec}
# - name: pmdec_error
#   unit: mas / yr
#   datatype: float32
#   description: Standard error of proper motion in declination direction
#   meta: !!omap
#   - {ucd: stat.error;pos.pm;pos.eq.dec}
# - name: astrometric_params_solved
#   datatype: int16
#   description: Which parameters have been solved for?
#   meta: !!omap
#   - {ucd: meta.number}
# - name: pseudocolour
#   unit: 1 / um
#   datatype: float32
#   description: Astrometrically estimated pseudocolour of the source
#   meta: !!omap
#   - {ucd: em.wavenumber}
# - name: pseudocolour_error
#   unit: 1 / um
#   datatype: float32
#   description: Standard error of the pseudocolour of the source
#   meta: !!omap
#   - {ucd: stat.error;em.wavenumber}
# - name: ipd_frac_multi_peak
#   datatype: int16
#   description: Percent of successful-IPD windows with more than one peak
#   meta: !!omap
#   - {ucd: stat.value}
# - name: ipd_frac_odd_win
#   datatype: int16
#   description: Percent of transits with truncated windows or multiple gate
#   meta: !!omap
#   - {ucd: stat.value}
# - name: ruwe
#   datatype: float32
#   description: Renormalised unit weight error
#   meta: !!omap
#   - {ucd: stat.error}
# - name: phot_g_mean_flux_over_error
#   datatype: float32
#   description: G-band mean flux divided by its error
#   meta: !!omap
#   - {ucd: stat.snr;phot.flux;em.opt}
# - name: phot_g_mean_mag
#   unit: mag
#   datatype: float32
#   description: G-band mean magnitude
#   meta: !!omap
#   - {ucd: phot.mag;em.opt}
# - name: phot_bp_mean_flux_over_error
#   datatype: float32
[...]
#   datatype: float64
#   meta: !!omap
#   - {ucd: None}
#   - {utype: None}
# - name: L2
#   datatype: float64
#   meta: !!omap
#   - {ucd: None}
#   - {utype: None}
# - name: L3
#   datatype: int64
#   meta: !!omap
#   - {ucd: None}
#   - {utype: None}
# - name: d
#   datatype: float64
#   meta: !!omap
#   - {ucd: None}
#   - {utype: None}
# - name: Age
#   datatype: float64
#   meta: !!omap
#   - {ucd: None}
#   - {utype: None}
# - name: Spots
#   datatype: int64
#   meta: !!omap
#   - {ucd: None}
#   - {utype: None}
# - name: ra_2
#   datatype: float64
#   meta: !!omap
#   - {ucd: None}
#   - {utype: None}
# - name: dec_2
#   datatype: float64
#   meta: !!omap
#   - {ucd: None}
#   - {utype: None}
# schema: astropy-2.0
separation_arcsec SOURCE_ID random_index ra dec parallax parallax_error parallax_over_error pmra pmra_error pmdec pmdec_error astrometric_params_solved pseudocolour pseudocolour_error ipd_frac_multi_peak ipd_frac_odd_win ruwe phot_g_mean_flux_over_error phot_g_mean_mag phot_bp_mean_flux_over_error phot_bp_mean_mag phot_rp_mean_flux_over_error phot_rp_mean_mag phot_bp_rp_excess_factor bp_rp radial_velocity radial_velocity_error rv_nb_transits rv_expected_sig_to_noise rv_renormalised_gof rv_chisq_pvalue phot_variable_flag l b in_qso_candidates in_galaxy_candidates non_single_star has_xp_continuous has_xp_sampled has_rvs has_epoch_photometry has_epoch_rv has_mcmc_gspphot has_mcmc_msc in_andromeda_survey teff_gspphot logg_gspphot mh_gspphot distance_gspphot ag_gspphot ebpminrp_gspphot wumacat_oid name Bibcode Type ET P dPdt Pc BibcodeP Solver q QT i a Omega f r1p r2p T1 T2 M1 M2 R1 R2 L1 L2 L3 d Age Spots ra_2 dec_2
[from data line 433]
0.6039594141964663 3806303200009524480 147012470 162.55686329535004 -0.008904751323303728 2.7192725374760722 0.014273044 190.51805 -33.47092508750298 0.015304173 17.626406577709975 0.013310401 31 "" "" 0 0 0.9902598 307.57083 12.305477 94.66219 12.633481 107.76587 11.804824 1.2036614 0.82865715 59.887745 17.551579 13 23.748283 25.175707 0.0 """NOT_AVAILABLE""" 250.9044935536704 50.203298215337504 False False 0 False False False False False True True False 5579.8843 4.2892 -0.86 364.4597 0.003 0.0016 480 """UCAC2 31686253""" """2012PASP..124..535C""" """W""" 0 0.281681478 "" "" """""" """PHOEBE""" 0.41 """PH""" 46.2 2.46 2.698441 0.001323 0.430714 0.284506 5360 5850 1.78 0.73 1.14 0.75 0.963 0.591 0 "" 1.784 1 162.55701166666665 -0.008983055555555555
0.06829571776930816 4399923862788142464 206744173 239.61699791937008 -2.9648998509319027 1.0184925888357952 0.025544686 39.871017 -1.2533673353764987 0.029582087 -4.048976324944032 0.020740643 31 "" "" 0 0 1.0334965 118.86053 14.878633 37.132004 15.435049 38.578606 14.185107 1.2317141 1.2499418 "" "" "" "" "" "" """VARIABLE""" 6.729566925935813 35.82546462740421 False False 0 True True False True False True True False 5336.404 4.2515 -0.3994 917.2379 0.5472 0.2932 481 """UCAC4 436-062932""" """2016AJ....152...57D""" """A""" 1 0.361456 "" "" """""" """DC""" 0.4 """PH""" 87.3 2.1 2.6593 0.077037 0.436175 0.286146 4590 4580 0.7 0.3 1.0 0.65 0.399 0.167 0 "" "" 1 239.61700333333332 -2.964881666666667
0.08482576037913413 3106242600418828672 1216801277 102.44291847659709 -2.0182925877349596 0.5440053468906187 0.050497863 10.772839 -3.602112325751189 0.048987117 -3.9362404734383265 0.049081303 31 "" "" 22 4 1.4277301 89.71505 15.58175 24.329535 15.98542 26.329618 14.912068 1.2800182 1.0733519 "" "" "" "" "" "" """VARIABLE""" 214.53859728228636 -1.2907290650530465 False False 4 False False False True False True True False 5742.5996 4.4654 -0.5253 984.6639 0.5056 0.2742 482 """UCAC4 440-022220""" """2011NewA...16...68M""" """A""" 0 0.421 "" "" """""" """PHOEBE""" 1.0 """PH""" 68.73 "" 3.709 0.075478 0.36121 0.36121 4732 4594 "" "" "" "" "" "" 0 "" "" 0 102.44293416666665 -2.018275
0.943955410564856 3106242604719003648 133733513 102.44269149468334 -2.0183746862717062 "" "" "" "" "" "" "" 3 "" "" 0 62 "" 134.33902 18.70275 "" "" "" "" "" "" "" "" "" "" "" "" """NOT_AVAILABLE""" 214.53856701173086 -1.2909683999880592 False False 0 False False False False False False False False "" "" "" "" "" "" 482 """UCAC4 440-022220""" """2011NewA...16...68M""" """A""" 0 0.421 "" "" """""" """PHOEBE""" 1.0 """PH""" 68.73 "" 3.709 0.075478 0.36121 0.36121 4732 4594 "" "" "" "" "" "" 0 "" "" 0 102.44293416666665 -2.018275
0.405410008373521 4248891612699075456 63137328 300.2496701631322 5.736757834446872 "" "" "" "" "" "" "" 3 "" "" 0 100 "" 249.32887 17.806425 "" "" "" "" "" "" "" "" "" "" "" "" """NOT_AVAILABLE""" 46.23803873676472 -12.655346354930504 False False 0 False False False False False False False False "" "" "" "" "" "" 483 """UCAC4 479-113658""" """2019NewA...69...21E""" """W""" 0 0.20569 "" "" """""" """DC""" 0.195 """PH""" 68.4 1.36 2.1668 0.429128 0.501878 0.245835 4300 4309 0.67 0.13 0.74 0.37 0.166 0.042 0 "" "" 1 300.2496520833333 5.736646666666667
0.31073414254748505 4248891612709898624 1621890369 300.2497257910204 5.736601150261842 1.8264346802142861 0.044921905 40.657997 12.51119105892567 0.04155955 -2.325831181858287 0.032445263 95 1.3891048 0.008089178 40 0 1.0253456 1875.3787 15.971601 366.58572 16.453064 1011.3934 14.998079 1.4973207 1.4549847 "" "" "" "" "" "" """NOT_AVAILABLE""" 46.237926878151924 -12.655471661394426 False False 0 True False False False False False True False "" "" "" "" "" "" 483 """UCAC4 479-113658""" """2019NewA...69...21E""" """W""" 0 0.20569 "" "" """""" """DC""" 0.195 """PH""" 68.4 1.36 2.1668 0.429128 0.501878 0.245835 4300 4309 0.67 0.13 0.74 0.37 0.166 0.042 0 "" "" 1 300.2496520833333 5.736646666666667
0.0881724348040884 4248879586801447296 267365147 300.2821055314511 5.70600121276424 0.4280613998439274 0.041250113 10.377217 -2.4995209668650906 0.039968107 -4.947034854500542 0.03173683 31 "" "" 0 0 1.0116674 177.24939 15.91598 58.56 16.317602 57.21271 15.343262 1.2143245 0.97434044 "" "" "" "" "" "" """VARIABLE""" 46.22688148062971 -12.69857919036102 False False 0 True False False True False True True False 5752.605 4.3655 -0.2545 1498.8885 0.3595 0.1937 484 """UCAC4 479-113711""" """2019NewA...69...21E""" """W""" 1 0.35292 "" "" """""" """DC""" 0.1 """PH""" 78.4 2.43 1.9008 0.892807 0.551501 0.211652 6630 6640 1.4 0.14 1.47 0.58 3.698 0.581 0 "" 3.343 1 300.28211666666664 5.706023055555556
0.18119607210351002 1810479318295180544 1532828170 309.2192791251171 14.94535049266444 1.461539278757975 0.02578313 56.685875 3.698118637299177 0.028875627 -10.73177882811016 0.022674665 31 "" "" 0 0 1.018474 115.09586 15.053589 36.91341 15.575547 41.552517 14.332228 1.2664275 1.2433195 "" "" "" "" "" "" """VARIABLE""" 59.08678403665514 -15.319188521701598 False False 0 True False False True False True True False 5062.597 4.4984 0.3449 675.2928 0.2009 0.1047 485 """UCAC4 525-135123""" """2015CoSka..45...28K""" """A""" 0 0.280628 "" "" """""" """PHOEBE""" 0.624 """PH""" 76.0 "" 3.06 0.130008 0.403025 0.324844 5361 4972 "" "" "" "" "" "" 0 "" "" 1 309.2192620833333 14.945398055555556
0.09360316621197091 1949139966627224704 1239864850 328.6255746354152 35.8627730464157 0.40488493547260695 0.022942498 17.647814 -4.780980288259303 0.0175085 -3.421187898432258 0.019223487 31 "" "" 0 0 1.2585828 655.0294 14.580854 194.52695 14.9661 200.26868 14.003936 1.2247038 0.9621639 "" "" "" "" "" "" """VARIABLE""" 87.21167196174946 -14.456778012439688 False False 0 True True False True False True True False 5940.2783 3.5806 -0.5467 2559.6887 0.4658 0.2531 486 """USNO-A2.0 1200-18678842""" """2015NewA...34...47E""" """A""" 0 0.442868 "" "" """""" """WD""" 0.3 """PH""" 53.23 2.761 2.466 0.003585 0.456025 0.261362 5767 5562 1.107 0.3323 1.2038 1.1359 1.436 1.106 0 "" 3.638 0 328.62560083333324 35.862788055555555
0.5004715398485078 1988886590417599360 346857171 342.1486395897949 50.81851829953211 1.6438316446235717 0.02767637 59.39477 -30.527711395343808 0.028101055 6.8689363938170285 0.026776575 95 1.4634407 0.0057286858 27 0 1.2824274 122.492165 14.75588 44.679184 15.101598 48.610634 13.799435 1.5432094 1.3021631 "" "" "" "" "" "" """VARIABLE""" 103.94132736276738 -7.467534898778271 False False 0 True True False True False False True False "" "" "" "" "" "" 487 """USNO-A2.0 1350-17365531""" """2019RAA....19...14K""" """A""" 0 0.2663764 "" "" """""" """PHOEBE""" 0.421 """PH""" 79.08 1.86 2.7 0.080693 0.432235 0.290314 5155 5104 0.868 0.365 0.866 0.5883 0.474 0.207 0 "" "" 1 342.14885416666664 50.8184875
0.5819335448631571 1988886590422290560 1162968123 342.14910653550595 50.818514119559 1.5939039314316032 0.05078094 31.387838 -30.910747492060214 0.052669544 5.345004251293702 0.06727762 95 1.4035281 0.010423109 0 60 1.0838354 428.8861 16.03449 82.10207 15.104877 11.336271 13.881946 4.7638597 1.2229319 "" "" "" "" "" "" """NOT_AVAILABLE""" 103.94158985773217 -7.467673846630858 False False 0 False False False False False False True False "" "" "" "" "" "" 487 """USNO-A2.0 1350-17365531""" """2019RAA....19...14K""" """A""" 0 0.2663764 "" "" """""" """PHOEBE""" 0.421 """PH""" 79.08 1.86 2.7 0.080693 0.432235 0.290314 5155 5104 0.868 0.365 0.866 0.5883 0.474 0.207 0 "" "" 1 342.14885416666664 50.8184875
0.023460364262289316 1096028344877569408 599185222 113.62630164551501 67.55452423544567 0.5083959356349383 0.027002146 18.827982 1.2755899688535124 0.015792158 0.6483609871622025 0.02200353 31 "" "" 0 0 0.97796696 233.96333 15.228924 76.24312 15.524115 79.722786 14.747075 1.208649 0.7770395 "" "" "" "" "" "" """VARIABLE""" 148.32854987136335 29.007167037815528 False False 0 True False False True False True True False 6069.6987 4.239 -0.695 1479.886 0.1679 0.0913 488 """USNO-A2.0 1575-02740973""" """2012NewA...17...93P""" """W""" 0 0.340729 "" "" """""" """PHOEBE""" 0.971 """PH""" 64.5 "" 3.684466 0.034051 0.36085 0.355919 5660 5930 "" "" "" "" "" "" 0 "" "" 0 113.62628666666666 67.55452111111111
0.14561220843351996 2168055343064662400 723703361 311.81310282427273 49.52717012138164 1.1579448600986149 0.028499851 40.629856 -4.308598422361789 0.031329364 -8.07631142948436 0.0312508 31 "" "" 1 0 0.9920836 154.72182 15.872769 49.58309 16.583284 51.169556 15.0407715 1.2826881 1.5425129 "" "" "" "" "" "" """VARIABLE""" 88.23421562751818 3.8541789875709114 False False 0 True False False True False True True False 4823.5576 4.3445 -0.7113 818.6011 0.7645 0.4111 489 """USNO-B1.0 1395-0370184""" """2016SerAJ.193...27K""" """A""" 0 0.251124 "" "" """""" """PHOEBE""" 0.968 """PH""" 72.1 "" 3.69041 0.014 0.359769 0.354341 4760 4690 "" "" "" "" "" "" 0 "" "" 1 311.81313208333336 49.52720583333333
0.16676681438248242 2168137325401839360 624609405 311.94263635374836 49.5339992075757 0.8905283623458609 0.02385728 37.32732 -6.619196411475259 0.024868548 -8.05483067444281 0.02975258 95 1.4030049 0.006278089 0 0 0.98350596 194.6302 15.38583 63.68726 16.079195 65.01645 14.56917 1.2759826 1.510025 "" "" "" "" "" "" """VARIABLE""" 88.2922826614052 3.7928759046852933 False False 0 True False False True False True True False 5629.5166 4.1869 -0.795 1038.3462 1.2722 0.6946 490 """USNO-B1.0 1395-0370731""" """2016SerAJ.193...27K""" """A""" 0 0.3512882 "" "" """""" """PHOEBE""" 0.845 """PH""" 66.6 "" 3.376886 0.247 0.386301 0.358354 5030 4970 "" "" "" "" "" "" 0 "" "" 1 311.94268166666666 49.534034999999996
0.08152031485616161 2171624804475831296 73475290 323.34016373564197 51.149212652821696 0.5151051705933462 0.096191935 5.3549724 -1.6128905284556436 0.11943845 -4.860325648149001 0.10563078 95 1.4259695 0.024048477 12 0 2.4406 190.74747 16.18656 63.412224 16.669214 74.763756 15.277066 1.4377177 1.392148 "" "" "" "" "" "" """VARIABLE""" 94.43258937125186 -0.4194998553433316 False False 0 True False False True False False True False "" "" "" "" "" "" 491 """USNO-B1.0 1411-00397871""" """2012NewA...17...93P""" """W""" 0 0.371782 "" "" """""" """PHOEBE""" 0.787 """PH""" 49.4 "" 3.16006 0.528271 0.411153 0.37188 4585 5100 "" "" "" "" "" "" 0 "" "" 0 323.340175 51.149234166666666
0.7507501256755655 2171624804483947392 1595048375 323.33985585296216 51.149292562154784 0.31250373893649097 0.17806274 1.7550204 -1.6686643005974653 0.38607085 -4.785802568026194 0.63031 95 1.4142147 0.045908663 5 37 0.91935104 299.88235 18.298752 "" "" "" "" "" "" "" "" "" "" "" "" """NOT_AVAILABLE""" 94.43250131641251 -0.41931029642992457 False False 0 False False False False False False False False "" "" "" "" "" "" 491 """USNO-B1.0 1411-00397871""" """2012NewA...17...93P""" """W""" 0 0.371782 "" "" """""" """PHOEBE""" 0.787 """PH""" 49.4 "" 3.16006 0.528271 0.411153 0.37188 4585 5100 "" "" "" "" "" "" 0 "" "" 0 323.340175 51.149234166666666
0.07984012504811992 412223749826090240 713947385 22.87825065553923 55.29892606158677 0.4348778745570373 0.09838187 4.420305 -4.058667101771703 0.079922885 -3.0039212771799524 0.059383918 31 "" "" 0 0 5.485777 356.2871 14.300558 119.00072 14.809534 117.76009 13.622901 1.2395476 1.1866331 -65.63317 6.06442 27 8.741087 "" "" """VARIABLE""" 128.66025143252463 -7.12647459622418 False False 4 True True False True False False True False "" "" "" "" "" "" 492 """USNO-B1.0 1452-00049820""" """2018AJ....156...77K""" """A""" 1 0.3781497 "" "" """""" """PHOEBE""" 0.111 """PH""" 71.75 2.502 1.9923 0.00167 0.527944 0.195953 6400 6300 1.32 0.15 1.43 0.531 3.03 0.39 0 "" 5.892 0 22.878282083333332 55.29893916666666
0.22168264997584625 816234830681670016 1600807245 138.87473795661833 42.702555268559756 2.1283564046143706 0.020064369 106.07642 13.8037784102731 0.019528419 -0.1846596251999887 0.018701755 31 "" "" 0 0 0.97429985 207.28896 11.530705 38.65087 11.826859 40.4377 11.210481 1.1174178 0.6163788 -44.667843 21.852201 18 34.971928 43.602737 0.0 """VARIABLE""" 178.5621299658401 43.9332388683179 False False 6 True True False True False True True False 6431.4385 4.1449 -0.1046 456.1628 0.0313 0.0168 493 """UU Lyn""" """2007ChJAA...7..251Z""" """A""" 1 0.46846 -0.00159 "" """""" """WD""" 0.39 """PH""" 89.2 3.31 2.6475 0.042493 0.436664 0.282572 6700 4791 1.6 0.62 1.54 0.99 4.28 0.46 1 "" "" 0 138.87465416666666 42.702555833333335
0.06861332602254416 1452702598301418112 1572541890 210.3276316687988 28.206626444525394 1.124041093673929 0.022373289 50.240314 -3.879549150893487 0.025475813 -2.0088106484455652 0.020279005 31 "" "" 0 0 0.97429365 134.4988 14.740926 46.138016 15.117716 45.248737 14.155221 1.2344987 0.96249485 "" "" "" "" "" "" """VARIABLE""" 40.96886864507083 74.50505517070923 False False 0 True True False True False True True False 5285.2856 4.3862 -0.2305 857.5835 0.0021 0.0011 495 """UW CVn""" """1995AcA....45..753K""" """W""" 1 0.29246584 "" "" """""" """WD""" 0.245 """PH""" 82.2 "" 2.31 0.201903 0.478695 0.254321 5500 5889 "" "" "" "" "" "" 0 "" "" 0 210.3276508333333 28.206635277777778
0.4178700410017368 5179913528878335872 1618025467 47.469882038440815 -6.892633658943658 4.2123724239029885 0.017738536 237.47014 26.004055906283476 0.018294409 1.8645534570557192 0.017586283 31 "" "" 0 0 1.2666188 86.67445 10.693281 27.061815 11.047101 28.393784 10.166284 1.2074587 0.8808174 "" "" "" "" "" "" """VARIABLE""" 187.69656504083875 -51.436539535804634 False False 0 True True False True False True True False 5636.7656 4.1861 0.1676 236.0574 0.0046 0.0024 496 """UX Eri""" """2011MNRAS.412.1787D""" """W""" 0 0.445289 0.006653 45.3 """2007AJ....134.1769Q""" """WD""" 0.373 """SP""" 75.7 3.069 2.575718 0.204404 0.447379 0.286711 6006 6093 1.421 0.53 1.47 0.945 2.519 1.103 0 "" 3.464 0 47.469765416666654 -6.892641944444444
0.5069344835572195 4731791312823017728 1733818496 59.39133699423524 -54.35743034667817 6.6820399184798855 0.103125 64.79554 -29.271023746473205 0.122636594 -12.163238270405426 0.12966439 31 "" "" 0 0 7.811223 87.692215 8.414029 31.528023 8.614313 33.3674 7.9928966 1.2234439 0.62141657 "" "" "" "" "" "" """VARIABLE""" 264.8885407227848 -46.664582725208746 False False 5 True True False True False False True False "" "" "" "" "" "" 497 """UX Ret""" """2005Ap&SS.295..463W""" """A""" 1 0.490104 "" "" """""" """WD""" 0.503 """PH""" 78.86 "" 2.67 0.704908 0.452147 0.341012 6640 6503 "" "" "" "" "" "" 0 "" "" 0 59.39156 -54.357376111111115
0.05164086420614199 1562252095738259968 646585725 206.1534698038745 55.22175645238057 1.3952149124571278 0.01070103 130.38138 -2.6159382935921913 0.010742596 -1.974672679048671 0.010890786 31 "" "" 0 0 1.041517 191.09645 12.726932 62.1974 12.971227 65.021065 12.342832 1.1786845 0.6283951 74.456215 12.304809 29 19.049065 "" "" """VARIABLE""" 107.58408697272543 60.29366462859853 False False 0 True True False True False True True False 6470.8486 4.2563 0.0071 704.0566 0.0024 0.0013 498 """UY UMa""" """2019JASS...36..265K""" """A""" 1 0.37602172 "" "" """""" """WD""" 0.206 """PH""" 81.35 2.442 2.167 0.606047 0.504159 0.256519 5900 5882 1.151 0.237 1.342 0.696 1.95 0.52 1 745.0 5.497 0 206.15348999999998 55.221765000000005
