data/WUMaCat_cross_with_gaia.ecsv
# %ECSV 1.0
# ---
# datatype:
# - {name: separation_arcsec, datatype: float64}
# - name: SOURCE_ID
#   datatype: int64
#   description: Unique source identifier (unique within a particular Data Release)
#   meta: !!omap
#   - {ucd: meta.id}
# - name: random_index
#   datatype: int64
#   description: Random index for use when selecting subsets
#   meta: !!omap
#   - {ucd: meta.code}
# - name: ra
#   unit: deg
#   datatype: float64
#   description: Right ascension
#   meta: !!omap
#   - {ucd: pos.eq.ra;meta.main}
#   - {utype: Char.SpatialAxis.Coverage.Location.Coord.Position2D.Value2.C1}
# - name: dec
#   unit: deg
#   datatype: float64
#   description: Declination
#   meta: !!omap
#   - {ucd: pos.eq.dec;meta.main}
#   - {utype: Char.SpatialAxis.Coverage.Location.Coord.Position2D.Value2.C2}
# - name: parallax
#   unit: mas
#   datatype: float64
#   description: Parallax
#   meta: !!omap
#   - {ucd: pos.parallax.trig}
# - name: parallax_error
#   unit: mas
#   datatype: float32
#   description: Standard error of parallax
#   meta: !!omap
#   - {ucd: stat.error;pos.parallax.trig}
# - name: parallax_over_error
#   datatype: float32
#   description: Parallax divided by its standard error
#   meta: !!omap
#   - {ucd: stat.snr;pos.parallax.trig}
# - name: pmra
#   unit: mas / yr
#   datatype: float64
#   description: Proper motion in right ascension direction
#   meta: !!omap
#   - {ucd: pos.pm;pos.eq.ra}
# - name: pmra_error
#   unit: mas / yr
#   datatype: float32
#   description: Standard error of proper motion in right ascension direction
#   meta: !!omap
#   - {ucd: stat.error;pos.pm;pos.eq.ra}
# - name: pmdec
#   unit: mas / yr
#   datatype: float64
#   description: Proper motion in declination direction
#   meta: !!omap
#   - {ucd: pos.pm;pos.eq.dec}
# - name: pmdec_error
#   unit: mas / yr
#   datatype: float32
#   description: Standard error of proper motion in declination direction
#   meta: !!omap
#   - {ucd: stat.error;pos.pm;pos.eq.dec}
# - name: astrometric_params_solved
#   datatype: int16
#   description: Which parameters have been solved for?
#   meta: !!omap
#   - {ucd: meta.number}
# - name: pseudocolour
#   unit: 1 / um
#   datatype: float32
#   description: Astrometrically estimated pseudocolour of the source
#   meta: !!omap
#   - {ucd: em.wavenumber}
# - name: pseudocolour_error
#   unit: 1 / um
#   datatype: float32
#   description: Standard error of the pseudocolour of the source
#   meta: !!omap
#   - {ucd: stat.error;em.wavenumber}
# - name: ipd_frac_multi_peak
#   datatype: int16
#   description: Percent of successful-IPD windows with more than one peak
#   meta: !!omap
#   - {ucd: stat.value}
# - name: ipd_frac_odd_win
#   datatype: int16
#   description: Percent of transits with truncated windows or multiple gate
#   meta: !!omap
#   - {ucd: stat.value}
# - name: ruwe
#   datatype: float32
#   description: Renormalised unit weight error
#   meta: !!omap
#   - {ucd: stat.error}
# - name: phot_g_mean_flux_over_error
#   datatype: float32
#   description: G-band mean flux divided by its error
#   meta: !!omap
#   - {ucd: stat.snr;phot.flux;em.opt}
# - name: phot_g_mean_mag
#   unit: mag
#   datatype: float32
#   description: G-band mean magnitude
#   meta: !!omap
#   - {ucd: phot.mag;em.opt}
# - name: phot_bp_mean_flux_over_error
#   datatype: float32
[...]
#   datatype: float64
#   meta: !!omap
#   - {ucd: None}
#   - {utype: None}
# - name: L2
#   datatype: float64
#   meta: !!omap
#   - {ucd: None}
#   - {utype: None}
# - name: L3
#   datatype: int64
#   meta: !!omap
#   - {ucd: None}
#   - {utype: None}
# - name: d
#   datatype: float64
#   meta: !!omap
#   - {ucd: None}
#   - {utype: None}
# - name: Age
#   datatype: float64
#   meta: !!omap
#   - {ucd: None}
#   - {utype: None}
# - name: Spots
#   datatype: int64
#   meta: !!omap
#   - {ucd: None}
#   - {utype: None}
# - name: ra_2
#   datatype: float64
#   meta: !!omap
#   - {ucd: None}
#   - {utype: None}
# - name: dec_2
#   datatype: float64
#   meta: !!omap
#   - {ucd: None}
#   - {utype: None}
# schema: astropy-2.0
separation_arcsec SOURCE_ID random_index ra dec parallax parallax_error parallax_over_error pmra pmra_error pmdec pmdec_error astrometric_params_solved pseudocolour pseudocolour_error ipd_frac_multi_peak ipd_frac_odd_win ruwe phot_g_mean_flux_over_error phot_g_mean_mag phot_bp_mean_flux_over_error phot_bp_mean_mag phot_rp_mean_flux_over_error phot_rp_mean_mag phot_bp_rp_excess_factor bp_rp radial_velocity radial_velocity_error rv_nb_transits rv_expected_sig_to_noise rv_renormalised_gof rv_chisq_pvalue phot_variable_flag l b in_qso_candidates in_galaxy_candidates non_single_star has_xp_continuous has_xp_sampled has_rvs has_epoch_photometry has_epoch_rv has_mcmc_gspphot has_mcmc_msc in_andromeda_survey teff_gspphot logg_gspphot mh_gspphot distance_gspphot ag_gspphot ebpminrp_gspphot wumacat_oid name Bibcode Type ET P dPdt Pc BibcodeP Solver q QT i a Omega f r1p r2p T1 T2 M1 M2 R1 R2 L1 L2 L3 d Age Spots ra_2 dec_2
[from data line 456]
0.3605596134002059 3884801084623441152 884772519 160.13816769927521 13.566896088593401 3.0375704320576564 0.021415757 141.8381 -22.53609590208542 0.022359472 -1.8157369967285673 0.02236183 31 "" "" 0 0 1.0239383 74.19511 9.712723 22.860344 9.927382 26.721636 9.393699 1.1598269 0.5336838 "" "" "" "" "" "" """VARIABLE""" 230.27958580893912 56.59791392108196 False False 4 False False False True False False True False "" "" "" "" "" "" 500 """UZ Leo""" """2018PASP..130c4201L""" """W""" 1 0.618044426 0.030154 139.0 """""" """WD""" 0.306 """SP""" 89.56 4.213 2.3375 0.747719 0.484989 0.296806 6980 7094 2.01 0.62 2.23 1.4 10.6 3.68 1 388.0 1.418 1 160.13827041666664 13.56690388888889
0.02030506522191987 4614466172234668672 971294630 70.89980315005346 -84.81111051594412 2.3083876568855213 0.13170785 17.526577 -1.2715215054313709 0.1825829 0.10446966836050753 0.16441634 31 "" "" 0 0 9.457737 119.98366 9.149647 38.09754 9.420599 39.752167 8.702404 1.2005432 0.71819496 "" "" "" "" "" "" """VARIABLE""" 297.8598613389509 -29.78325357158623 False False 0 True True False True False True True False 6094.651 2.9489 -0.0096 757.4987 0.0165 0.0088 501 """UZ Oct""" """1984A&A...130...97L""" """A""" 1 1.1493782 "" "" """""" """WD""" 0.275 """PH""" 78.49 "" 2.3641 0.267975 0.472706 0.265668 6605 6569 "" "" "" "" "" "" 0 "" "" 0 70.89986541666666 -84.81111083333333
0.5851870013431233 1627177329645632128 1573809549 237.29669094635344 60.63399356696871 3.632442381269201 0.010713035 339.06754 27.930841551535305 0.014262062 -23.615382940171074 0.014066621 31 "" "" 0 0 1.0664471 99.86864 13.41548 33.863667 13.974324 37.573627 12.688162 1.255949 1.2861624 "" "" "" "" "" "" """VARIABLE""" 93.797173216147 45.15499378175801 False False 0 True True False True False True True False 4866.094 4.5798 0.2855 273.5326 0.0433 0.0226 502 """V0338 Dra""" """2018NewA...62...46K""" """A""" 1 0.2351893 "" "" """""" """PHOEBE""" 0.53 """PH""" 88.2 "" 2.881945 0.165373 0.417976 0.313359 4417 4417 "" "" "" "" "" "" 0 "" "" 1 237.29643749999997 60.634098333333334
0.5025928550622563 3367971207286073600 1547627237 104.94698914814867 22.49673693514419 3.9907245351838356 0.015927019 250.56319 -21.6685817231405 0.016167026 -22.76256669161941 0.014035682 31 "" "" 0 0 1.0650237 148.6512 12.592307 47.756042 13.071786 49.505432 11.960726 1.219399 1.1110601 -36.07508 28.130512 15 23.019762 50.18242 0.0 """VARIABLE""" 193.5291516076446 11.795841438963802 False False 0 False False True True False True True False 4873.2373 4.4002 -0.4566 249.0643 0.0058 0.0031 503 """V0416 Gem""" """2017RMxAA..53..235K""" """A""" 0 0.25625 "" "" """""" """PHOEBE""" 0.149 """PH""" 73.2 "" 2.037313 0.661639 0.524891 0.233862 5420 5420 "" "" "" "" "" "" 0 "" "" 1 104.94709333333331 22.496838055555557
0.1601320701898433 1800868830754091392 182749055 324.92948008284736 28.377537455180246 0.6867503295009528 0.024662843 27.845545 -7.723101061119015 0.022083214 -6.448513436979104 0.015368112 31 "" "" 0 0 1.0171978 179.41333 14.983347 56.20435 15.39421 61.73424 14.385783 1.226591 1.0084267 "" "" "" "" "" "" """VARIABLE""" 79.5793151745127 -17.935652790699233 False False 0 True True False True False True True False 5521.7275 4.2146 -0.4362 1289.5929 0.3062 0.1652 504 """V0449 Peg""" """2017NewA...56...14T""" """W""" 0 0.352656818 "" "" """""" """Binary Maker""" 0.357 """PH""" 75.0 "" 2.447792 0.642619 0.470637 0.305171 5500 6200 "" "" "" "" "" "" 0 "" "" 0 324.92951874999994 28.37756611111111
0.23535511718067217 1139994172739421184 198640580 109.27022401638679 77.1738805079023 4.784974537038752 0.013183342 362.95612 -14.654204366992895 0.011463652 -1.5082908696918154 0.015016521 31 "" "" 0 0 0.9408636 100.70832 11.617152 35.96043 11.98635 37.99645 11.003248 1.2570906 0.98310184 1.1101823 16.065895 27 57.3339 96.79282 0.0 """VARIABLE""" 137.3757466058205 27.818099108925704 False False 0 True True False True False False True False "" "" "" "" "" "" 505 """V0473 Cam""" """2017RMxAA..53..235K""" """A""" 1 0.298438 "" "" """""" """PHOEBE""" 0.47 """PH""" 84.7 "" 2.66 0.558451 0.448207 0.325463 5361 5161 "" "" "" "" "" "" 0 "" "" 1 109.27051708333332 77.17388694444445
0.3714080591582835 1893906584117781632 272804477 335.4724193349314 28.046318795660266 3.1663008960726335 0.016692206 189.68738 -2.4855711325410956 0.017409265 -23.127684768731573 0.017538676 31 "" "" 0 0 1.223099 95.15463 12.793594 31.93402 13.278422 34.92536 12.113751 1.251337 1.164671 23.18917 37.24439 17 23.011938 56.876984 0.0 """VARIABLE""" 86.95495248145441 -24.18621512031532 False False 0 True True True True False False True False 4903.751 4.3355 0.0241 314.2004 0.098 0.0517 506 """V0637 Peg""" """2017RMxAA..53..235K""" """A""" 1 0.311791 "" "" """""" """PHOEBE""" 0.501 """PH""" 88.0 "" 2.73 0.494003 0.440244 0.32742 4997 4681 "" "" "" "" "" "" 0 "" "" 0 335.47243166666664 28.04642138888889
0.18592526037692764 170744436288594560 923552937 62.65134389086674 34.049453951655686 3.9993609759058018 0.024394521 163.94504 8.245739510092049 0.024774458 -8.192555135023945 0.017774593 31 "" "" 0 0 1.6330442 149.36655 12.772942 45.727127 13.373629 51.096653 12.019571 1.2595373 1.3540573 "" "" "" "" "" "" """VARIABLE""" 163.3811015857836 -12.752135920634563 False False 0 True True False True False True True False 4672.9893 4.3134 -0.407 252.3231 0.137 0.0727 507 """V0951 Per""" """2018NewA...62...46K""" """A""" 0 0.2704755 "" "" """""" """PHOEBE""" 0.658 """PH""" 76.56 "" 3.12 0.127638 0.398602 0.329143 4778 4620 "" "" "" "" "" "" 0 "" "" 0 62.651299583333326 34.04949027777778
0.18815071263415264 4519217850760871808 47493469 283.3231287675487 21.22580532673117 3.920384100600023 0.013586268 288.5549 6.493705800326254 0.009478949 9.746410393814362 0.013707533 31 "" "" 0 0 0.94370115 619.2562 9.631986 196.32864 9.869413 201.86638 9.222479 1.1965543 0.6469345 "" "" "" "" "" "" """VARIABLE""" 52.189606917321065 9.11247656965842 False False 0 True True False True False True True False 7258.3784 4.0142 -0.2377 252.6301 0.4555 0.245 508 """V1003 Her""" """2015Ap&SS.357...59P""" """W""" 0 0.4933265 "" "" """""" """PHOEBE""" 0.373 """SP""" 38.0 3.74 2.541045 0.357055 0.454273 0.294207 6312 6936 "" "" "" "" "" "" 0 "" "" 0 283.32309749999996 21.225761944444443
0.23181109167178407 1411733248863118720 831192348 247.9769349852143 50.35265505569677 1.9454322284630146 0.012142854 160.21211 11.919898351616169 0.013355858 -8.191624702599476 0.01895927 31 "" "" 0 0 1.260174 93.066086 13.39097 28.600563 13.7621975 30.836405 12.835642 1.2172136 0.92655563 -37.41735 6.6693435 17 13.807548 "" "" """VARIABLE""" 77.6829347511811 42.52109833757225 False False 0 True True False True False True True False 5825.506 4.3213 -0.3423 506.0391 0.3242 0.175 509 """V1005 Her""" """2019MNRAS.tmp.2223Z""" """W""" 1 0.27896107 -0.080093 18.1 """""" """WD""" 0.304 """PH""" 88.35 "" 2.453036 0.111527 0.459313 0.266632 5535 5560 "" "" "" "" "" "" 0 "" "" 1 247.97685166666662 50.35269138888889
0.7206763470786282 395420738256461824 60673794 2.0134466090516834 51.134141553545135 3.0661530336795684 0.014190352 216.07309 -45.02635983463363 0.0099281585 1.6048561681641824 0.011653051 31 "" "" 0 0 1.0155325 167.59651 12.19108 54.298264 12.580079 57.762196 11.61444 1.222764 0.9656391 -44.946915 9.645326 46 47.005955 5.5738583 1.5117615e-06 """VARIABLE""" 116.01960003677333 -11.154411205355524 False False 0 True True False True False True True False 5816.4336 4.449 0.3945 324.401 0.1221 0.0647 510 """V1007 Cas""" """2018PASP..130g4201L""" """W""" 1 0.33200799 -0.015379 "" """""" """WD""" 0.297 """PH""" 81.9 2.3 2.445465 0.080362 0.459708 0.263794 4913 5135 1.14 0.34 1.16 0.69 1.44 0.51 0 "" 4.884 1 2.0137654166666663 51.13413416666667
0.4706529826451311 125479191836600704 1444142525 49.20635732231273 33.50423999565912 2.7767291980440367 0.020261934 137.04166 27.722450596214387 0.021761356 -9.64517551184126 0.019595644 95 1.4410757 0.0047795316 1 0 1.0105715 84.29341 14.138837 26.761515 14.755008 28.82345 13.367375 1.2677865 1.3876324 168.20602 8.802122 10 6.549598 "" "" """VARIABLE""" 154.71711989419512 -20.24450180860678 False False 4 True True False True False False True False 4865.7095 4.5486 0.1996 355.4312 0.2957 0.1554 511 """V1009 Per""" """2019RMxAA..55...65M""" """A""" 1 0.2341369 -0.019958 "" """""" """WD""" 0.362 """PH""" 85.97 1.694 2.534 0.294396 0.453651 0.288626 5280 5253 0.874 0.317 0.864 0.474 0.521 0.153 0 "" "" 1 49.20620916666666 33.504282777777775
0.30597120167121483 1307807822122880384 1775370758 252.66628956913635 27.73981119576767 4.166039484890552 0.012269968 339.5314 -5.23881227118615 0.01095773 18.355759993386823 0.013928503 31 "" "" 0 0 0.9551646 128.16566 11.809262 44.70002 12.188595 47.148895 11.21908 1.2362827 0.96951485 -29.016111 15.326885 32 52.502487 80.61721 0.0 """VARIABLE""" 48.3715812437591 37.4731711751225 False False 0 True True False True False False True False "" "" "" "" "" "" 512 """V1033 Her""" """2019MNRAS.487.5520L""" """W""" 1 0.29805128 0.0108 "" """""" """WD""" 0.256 """PH""" 84.28 2.89 2.349487 0.113287 0.472226 0.254243 5137 5501 2.89 0.74 "" "" "" "" 0 "" "" 1 252.66631583333327 27.739729444444446
0.5858848511717982 1348731301310860416 1632073493 263.7260759318599 44.19777250609419 2.742612257597371 0.010694196 256.458 -6.755107553796973 0.012015082 -36.00094173779905 0.0138575975 31 "" "" 0 0 1.0028164 123.56438 13.556675 35.685333 14.05981 39.90195 12.911053 1.219152 1.148757 49.086376 5.995757 18 10.908745 "" "" """VARIABLE""" 70.0872869395482 31.804421185473746 False False 0 True True False True False True True False 4854.4824 4.4316 -0.3663 361.1041 0.0373 0.0199 514 """V1062 Her""" """2019MNRAS.487.5520L""" """W""" 1 0.25143577 "" 14.377 """""" """WD""" 0.405 """PH""" 87.49 2.3 2.58583 0.414118 0.451104 0.30406 4715 5121 1.83 0.74 "" "" "" "" 0 "" "" 1 263.7261175 44.19793249999999
0.20528950825714748 1349062975865669632 1768087559 265.79578532705324 43.45267578305644 3.2245392742249543 0.013110277 245.9551 6.4529981043570706 0.015051516 10.989787936286856 0.01628757 31 "" "" 0 0 1.127061 142.41684 12.992221 44.767155 13.477259 49.35316 12.361258 1.2165884 1.1160011 -94.9938 4.9142814 23 20.414171 "" "" """VARIABLE""" 69.50861916020862 30.211112416276027 False False 0 True True False True False True True False 5135.559 4.4511 -0.1911 308.2623 0.0735 0.0389 515 """V1067 Her""" """2017NewA...50...12D""" """A""" 0 0.28106748 -0.02592 "" """""" """WD""" 0.359 """PH""" 79.54 1.845 2.5558 0.165409 0.448698 0.281757 4838 4559 0.786 0.281 0.879 0.771 0.38 0.228 0 223.0 11.592 0 265.79574541666665 43.45262666666667
0.11726780389541475 457362821015256704 788142384 38.0608151927151 55.94018589387998 4.134211025870239 0.02789574 148.20224 -7.343326924403341 0.023324946 0.14751565054123908 0.036461554 31 "" "" 52 0 1.9656887 244.86212 10.966765 85.64152 11.246956 95.91143 10.305355 1.3343276 0.9416008 7.5422177 15.642102 4 29.161951 12.687738 0.0 """VARIABLE""" 136.7662402533566 -4.200120876889862 False False 0 True True False True False False True False "" "" "" "" "" "" 516 """V1071 Per""" """2020MNRAS.497.3381G""" """W""" 0 0.3598447 "" "" """""" """WD""" 0.378 """PH""" 60.2 "" 2.610608 0.091794 0.44145 0.282353 5350 5665 "" "" "" "" "" "" 1 "" "" 1 38.060873333333326 55.940185
0.39035090245668397 1855066129714099840 930459980 321.2514857071989 33.68737443089651 5.421906953461662 0.034430362 157.4746 -1.028462228413824 0.024710182 -24.42865078052441 0.031076817 31 "" "" 0 0 1.9849192 225.47137 8.277903 73.7182 8.494236 74.39352 7.9026637 1.1889186 0.5915723 "" "" "" "" "" "" """VARIABLE""" 81.12666021984074 -11.945790102108845 False False 1 True True False True False False True False "" "" "" "" "" "" 517 """V1073 Cyg""" """2018RAA....18...20T""" """A""" 0 0.7858506 -0.004173 82.7 """""" """WD""" 0.303 """SP""" 68.4 5.172 2.45 0.121013 0.459831 0.266886 7300 6609 1.81 0.549 2.545 1.481 16.514 3.757 0 "" 1.897 0 321.2514908333333 33.687482777777774
0.12639684991340622 414029079206884992 1197684216 20.0960549333046 59.28764967149526 1.327542131671955 0.0102731 129.22507 2.953263645993329 0.007915349 -7.3855593495252805 0.00940392 31 "" "" 0 0 0.8741897 201.098 12.562409 64.92498 12.901016 66.14388 12.056474 1.2017064 0.8445425 -5.6359873 18.754461 24 22.031012 7.929136 1.1336102e-08 """VARIABLE""" 126.6269946471075 -3.3762685050599446 False False 0 True True False True False True True False 7289.75 4.1859 0.3851 745.4249 0.7418 0.3974 518 """V1094 Cas""" """2019JAVSO..47...40W""" """A""" 1 0.514 "" "" """""" """WD""" 0.235 """PH""" 80.6 "" 2.275 0.286906 0.484608 0.254497 6250 5568 "" "" "" "" "" "" 0 "" "" 0 20.096029166666664 59.28768222222222
0.16208014294854395 2116395231603186048 602800128 271.88851986638747 46.909695115397554 2.2813290448200125 0.009765276 233.61646 -8.664602347047218 0.012497528 -5.365866581863584 0.012945754 31 "" "" 0 0 0.86078894 118.62214 11.99612 40.85714 12.267264 41.946686 11.514265 1.2210286 0.7529993 -9.256436 22.12404 21 35.61432 50.381508 0.0 """VARIABLE""" 74.30234469013772 26.660524354858463 False False 0 True True False True False True True False 6133.9165 4.2886 0.3573 431.8072 0.0015 0.0008 519 """V1101 Her""" """2017AJ....154..260P""" """A""" 0 0.3826597 "" 13.9 """""" """WD""" 0.8 """PH""" 71.15 "" 3.353 0.142028 0.383715 0.346599 5920 5690 "" "" "" "" "" "" 0 "" "" 1 271.88857583333333 46.90971888888889
0.19880342353648545 510889593977238784 963282553 20.810773111055802 61.581301351912856 3.203087785119882 0.013486702 237.49971 -3.2281280371676786 0.011001149 -12.013820517325332 0.013945138 31 "" "" 0 0 0.97953063 157.19727 12.9129 50.429104 13.401463 54.662872 12.256826 1.2326951 1.1446362 "" "" "" "" "" "" """VARIABLE""" 126.70726877847012 -1.0570881202128106 False False 0 True True False True False True True False 5069.4385 4.3758 -0.4501 310.0568 0.1533 0.0821 521 """V1107 Cas""" """2016PASJ...68...31L""" """W""" 0 0.27341123 -0.013133 6.74 """""" """WD""" 0.556 """PH""" 72.3 1.825 2.932999 0.151837 0.413439 0.316566 4657 5200 0.7 0.39 0.68 0.52 0.196 0.178 1 "" 6.818 0 20.810802916666663 61.58135472222222
0.3500732545181782 409220055855046784 530789437 23.08657156993251 55.232444229219865 1.4553734024993659 0.019072821 76.30614 16.45365623369537 0.015321065 -14.422674003940928 0.0135963755 31 "" "" 0 0 1.0553582 143.5015 14.108423 47.66572 14.5801 50.875027 13.444592 1.2454665 1.1355076 "" "" "" "" "" "" """VARIABLE""" 128.78894412402855 -7.173412558639593 False False 0 True True False True False True True False 5566.624 4.3803 0.269 668.7473 0.3139 0.1652 522 """V1115 Cas""" """2019AJ....158..186K""" """W""" 1 0.32329 0.342835 "" """""" """PHOEBE""" 0.164 """PH""" 83.2 2.119 2.096647 0.424442 0.512719 0.233159 5533 5848 1.049 0.172 1.181 0.548 1.17 0.314 0 691.0 5.364 1 23.086442916666662 55.232508055555556
0.9368194082925175 37141885040921216 89646189 57.36551349221299 12.912370474790407 10.201536374209105 0.01782564 572.29565 -39.63921370728547 0.017811565 43.075035642054466 0.013377848 31 "" "" 0 0 1.0678319 100.04793 9.547369 31.261559 9.893857 33.95207 9.051561 1.1916385 0.84229565 "" "" "" "" "" "" """VARIABLE""" 175.87960989052456 -31.116116659283225 False False 0 False False False True False False True False "" "" "" "" "" "" 524 """V1128 Tau""" """2014AJ....148..126C""" """W""" 1 0.305371 -0.002989 12.54 """""" """DC""" 0.534 """SP""" 86.0 2.27 2.8982 0.133974 0.415779 0.312166 6200 6400 1.1 0.58 1.01 0.76 1.294 0.839 0 139.0 4.32 1 57.36569416666666 12.912178888888889
